# SourcePhotonFlux	NumberRaysSurvived	PercentageRaysSurvived	PhotonFlux	Bandwidth	HorizontalFocusFWHM	VerticalFocusFWHM
nan	0.000000000000000000e+00	0.000000000000000000e+00	0.000000000000000000e+00	0.000000000000000000e+00	0.000000000000000000e+00	0.000000000000000000e+00
nan	0.000000000000000000e+00	0.000000000000000000e+00	0.000000000000000000e+00	0.000000000000000000e+00	0.000000000000000000e+00	0.000000000000000000e+00
nan	0.000000000000000000e+00	0.000000000000000000e+00	0.000000000000000000e+00	0.000000000000000000e+00	0.000000000000000000e+00	0.000000000000000000e+00
nan	0.000000000000000000e+00	0.000000000000000000e+00	0.000000000000000000e+00	0.000000000000000000e+00	0.000000000000000000e+00	0.000000000000000000e+00
nan	0.000000000000000000e+00	0.000000000000000000e+00	0.000000000000000000e+00	0.000000000000000000e+00	0.000000000000000000e+00	0.000000000000000000e+00
nan	0.000000000000000000e+00	0.000000000000000000e+00	0.000000000000000000e+00	0.000000000000000000e+00	0.000000000000000000e+00	0.000000000000000000e+00
nan	0.000000000000000000e+00	0.000000000000000000e+00	0.000000000000000000e+00	0.000000000000000000e+00	0.000000000000000000e+00	0.000000000000000000e+00
nan	0.000000000000000000e+00	0.000000000000000000e+00	0.000000000000000000e+00	0.000000000000000000e+00	0.000000000000000000e+00	0.000000000000000000e+00
nan	0.000000000000000000e+00	0.000000000000000000e+00	0.000000000000000000e+00	0.000000000000000000e+00	0.000000000000000000e+00	0.000000000000000000e+00
nan	0.000000000000000000e+00	0.000000000000000000e+00	0.000000000000000000e+00	0.000000000000000000e+00	0.000000000000000000e+00	0.000000000000000000e+00
nan	0.000000000000000000e+00	0.000000000000000000e+00	0.000000000000000000e+00	0.000000000000000000e+00	0.000000000000000000e+00	0.000000000000000000e+00
nan	0.000000000000000000e+00	0.000000000000000000e+00	0.000000000000000000e+00	0.000000000000000000e+00	0.000000000000000000e+00	0.000000000000000000e+00
nan	0.000000000000000000e+00	0.000000000000000000e+00	0.000000000000000000e+00	0.000000000000000000e+00	0.000000000000000000e+00	0.000000000000000000e+00
nan	0.000000000000000000e+00	0.000000000000000000e+00	0.000000000000000000e+00	0.000000000000000000e+00	0.000000000000000000e+00	0.000000000000000000e+00
nan	nan	nan	nan	nan	nan	nan
nan	nan	nan	nan	nan	nan	nan
nan	5.299999999999999822e+00	5.300000000000000891e-03	nan	2.794976692988536751e-02	1.732903338630046863e-01	7.542045684868995403e-01
nan	1.819999999999999929e+01	1.820000000000000090e-02	nan	3.560513435752800382e-02	2.043476048948511536e-01	1.006640265108668997e+00
nan	5.789999999999999858e+01	5.789999999999999314e-02	nan	3.899429604056948995e-02	2.156426327786397368e-01	1.245005977069822967e+00
nan	1.450999999999999943e+02	1.451000000000000345e-01	nan	4.421174981682916838e-02	1.488159261951358392e-01	1.255391669102008390e+00
nan	2.960000000000000000e+02	2.959999999999999853e-01	nan	4.863045078001232424e-02	1.903404932779160785e-01	1.707465071178037919e+00
nan	5.237000000000000455e+02	5.237000000000000544e-01	nan	5.822476608426328110e-02	1.708781306487618112e-01	1.876370292517948624e+00
nan	8.260000000000000000e+02	8.259999999999999565e-01	nan	5.979277708768364341e-02	1.855385435839367880e-01	1.637013040848693590e+00
nan	1.241500000000000000e+03	1.241499999999999826e+00	nan	5.880117655121566006e-02	1.905508043327108214e-01	1.795468553645545473e+00
nan	1.772400000000000091e+03	1.772399999999999975e+00	nan	6.007838068982494090e-02	1.965110565061856662e-01	1.732482208188950823e+00
nan	2.423900000000000091e+03	2.423900000000000166e+00	nan	6.274189360661922010e-02	1.979413363886395050e-01	1.760206177183795573e+00
nan	3.262199999999999818e+03	3.262199999999999989e+00	nan	6.429651900873949166e-02	1.913686545186918941e-01	1.756539860004628029e+00
nan	4.254800000000000182e+03	4.254799999999999471e+00	nan	6.538639257862115250e-02	1.960222099256226647e-01	1.698222757290536178e+00
nan	5.386199999999999818e+03	5.386199999999999655e+00	nan	6.603804608897263784e-02	2.058198954738102437e-01	1.641458843679524993e+00
nan	6.702399999999999636e+03	6.702399999999999913e+00	nan	6.772115721707053226e-02	1.937281431162666268e-01	1.648667732915580997e+00
nan	8.140199999999999818e+03	8.140200000000001879e+00	nan	6.927226407146633291e-02	1.876199778684100039e-01	1.677923214492014647e+00
nan	9.728399999999999636e+03	9.728400000000002379e+00	nan	7.022858397485265414e-02	1.962623545475682685e-01	1.618663694043954937e+00
nan	1.124679999999999927e+04	1.124680000000000035e+01	nan	7.158924036199607044e-02	2.004040235146637150e-01	1.621181835589783571e+00
nan	1.253710000000000036e+04	1.253710000000000058e+01	nan	7.247114942585142217e-02	2.015662584626340403e-01	1.664171342789924068e+00
nan	1.381220000000000073e+04	1.381219999999999892e+01	nan	7.205430434080994928e-02	1.982167783322960619e-01	1.597581241442365796e+00
nan	1.523939999999999964e+04	1.523939999999999984e+01	nan	7.461889128848468722e-02	2.038139338332079498e-01	1.617817643430725649e+00
nan	1.665190000000000146e+04	1.665190000000000126e+01	nan	7.509065858513394587e-02	1.953778556310756254e-01	1.621383307398689855e+00
nan	1.815109999999999854e+04	1.815109999999999957e+01	nan	7.635326433271245883e-02	2.062486909910949961e-01	1.585647366505311240e+00
nan	1.959300000000000000e+04	1.959299999999999997e+01	nan	7.733546460910076248e-02	1.955798139205512376e-01	1.618166694055177546e+00
nan	2.110650000000000000e+04	2.110650000000000048e+01	nan	7.879032180911878236e-02	2.037700673871053192e-01	1.580196406905973516e+00
nan	2.263879999999999927e+04	2.263879999999999981e+01	nan	7.954900280505369792e-02	1.933261904393461239e-01	1.518813850936845844e+00
nan	2.404759999999999854e+04	2.404759999999999565e+01	nan	8.049652798142829802e-02	1.988344110131414488e-01	1.535353071828600147e+00
nan	2.544670000000000073e+04	2.544669999999999987e+01	nan	8.169746716981621248e-02	1.982325813122827740e-01	1.556268026287769946e+00
nan	2.661329999999999927e+04	2.661329999999999885e+01	nan	8.258657472562305757e-02	1.970289728483931302e-01	1.487919273934409592e+00
nan	2.780290000000000146e+04	2.780290000000000106e+01	nan	8.337870391838038409e-02	1.969522241308158950e-01	1.526634211774724026e+00
nan	2.898770000000000073e+04	2.898769999999999669e+01	nan	8.480465153826770297e-02	1.987519275459532220e-01	1.487672816809318732e+00
nan	3.008670000000000073e+04	3.008669999999999689e+01	nan	8.571802754978249950e-02	1.958533105420420528e-01	1.509795988840263226e+00
nan	3.132029999999999927e+04	3.132030000000000314e+01	nan	8.623296695643176135e-02	2.055327081408604428e-01	1.503226326438204641e+00
nan	3.236840000000000146e+04	3.236839999999999407e+01	nan	8.775749818650524503e-02	2.037637761869730002e-01	1.483125773163584737e+00
nan	3.353419999999999709e+04	3.353419999999999845e+01	nan	8.864751421084519911e-02	1.994048024148042386e-01	1.457661864375764837e+00
nan	3.434650000000000000e+04	3.434649999999999892e+01	nan	8.970874651199381433e-02	1.940092352432086220e-01	1.492406421191637467e+00
nan	3.491700000000000000e+04	3.491700000000000159e+01	nan	9.077634572271620073e-02	1.978804526442044520e-01	1.458401249773691344e+00
nan	3.524140000000000146e+04	3.524139999999999873e+01	nan	9.169515332407200681e-02	2.010822606574881044e-01	1.475278945584069135e+00
nan	3.576100000000000000e+04	3.576100000000000279e+01	nan	9.186438072091221430e-02	2.052892759037637238e-01	1.424381322094767199e+00
nan	3.617740000000000146e+04	3.617739999999999867e+01	nan	9.324992756852309994e-02	2.017087313992795283e-01	1.437525029492237261e+00
nan	3.665800000000000000e+04	3.665799999999999415e+01	nan	9.461332116973153461e-02	2.009024217989666961e-01	1.430155622167062379e+00
nan	3.714080000000000291e+04	3.714080000000000581e+01	nan	9.579263468058485387e-02	1.948174766826536453e-01	1.442168973302157653e+00
nan	3.763900000000000000e+04	3.763899999999999579e+01	nan	9.647912407947530078e-02	1.972995105818136363e-01	1.359303079464771580e+00
nan	3.781340000000000146e+04	3.781339999999999435e+01	nan	9.766972371291302024e-02	1.908789187008458621e-01	1.382585091821733059e+00
nan	3.783050000000000000e+04	3.783050000000000068e+01	nan	9.873556246349438070e-02	2.018631311621979785e-01	1.403925169148095176e+00
nan	3.780140000000000146e+04	3.780140000000000100e+01	nan	9.954846331359305800e-02	2.023803673169650708e-01	1.425090641534910052e+00
nan	3.776140000000000146e+04	3.776139999999999475e+01	nan	1.005147999102376788e-01	2.002103181053823955e-01	1.364885222019570410e+00
nan	3.786740000000000146e+04	3.786740000000001061e+01	nan	1.016389775423562070e-01	2.017941707214153946e-01	1.377201835820446085e+00
nan	3.772919999999999709e+04	3.772920000000000584e+01	nan	1.027523166539026506e-01	2.047329082687741608e-01	1.335625993671482492e+00
nan	3.764740000000000146e+04	3.764740000000000464e+01	nan	1.034350354601002719e-01	2.069124815382217819e-01	1.351965931407882016e+00
nan	3.756830000000000291e+04	3.756830000000000069e+01	nan	1.044142106428680022e-01	1.987328808702321647e-01	1.345721832416509445e+00
nan	3.754450000000000000e+04	3.754450000000000642e+01	nan	1.054636723441475937e-01	2.009864095267882289e-01	1.332617115796610907e+00
nan	3.735800000000000000e+04	3.735799999999999699e+01	nan	1.067247232811226326e-01	2.047688996394493588e-01	1.332880804589892332e+00
nan	3.735390000000000146e+04	3.735389999999999588e+01	nan	1.075562122795005876e-01	2.042452637878549582e-01	1.292078051118639825e+00
nan	3.724350000000000000e+04	3.724349999999999739e+01	nan	1.085076056061367866e-01	1.971755742193598282e-01	1.320850606950064288e+00
nan	3.716800000000000000e+04	3.716799999999999926e+01	nan	1.095210298471073485e-01	2.010061165302091946e-01	1.352468206231268510e+00
nan	3.697719999999999709e+04	3.697719999999999629e+01	nan	1.101584389752787302e-01	2.005675859074455281e-01	1.335503126015572972e+00
nan	3.675000000000000000e+04	3.675000000000000000e+01	nan	1.114676756678306957e-01	1.944676918384748154e-01	1.325916467706102608e+00
nan	3.670400000000000000e+04	3.670400000000000063e+01	nan	1.124362563406407362e-01	1.955927472489923657e-01	1.280858476327285667e+00
nan	3.649730000000000291e+04	3.649729999999999563e+01	nan	1.134682173239085073e-01	1.985071934614280609e-01	1.282603890483281273e+00
nan	3.631940000000000146e+04	3.631939999999999458e+01	nan	1.146603056044213503e-01	1.999049575799530243e-01	1.265598965706259404e+00
nan	3.621119999999999709e+04	3.621120000000000516e+01	nan	1.155297174861018988e-01	1.989355436218868123e-01	1.281126780396740994e+00
nan	3.604700000000000000e+04	3.604700000000000415e+01	nan	1.161123095586702875e-01	1.950212591810355778e-01	1.272594737487040994e+00
nan	3.599500000000000000e+04	3.599500000000000455e+01	nan	1.173960195029920273e-01	1.971742965668325520e-01	1.270482657548619887e+00
nan	3.597809999999999854e+04	3.597809999999999775e+01	nan	1.182044874758133857e-01	2.019017148385391369e-01	1.285904050052871117e+00
nan	3.589469999999999709e+04	3.589470000000000027e+01	nan	1.193300475304184260e-01	1.948137056557242286e-01	1.268685801998316709e+00
nan	3.590350000000000000e+04	3.590349999999999397e+01	nan	1.202734597797459060e-01	2.006815207195028761e-01	1.239527311340218541e+00
nan	3.597280000000000291e+04	3.597279999999999234e+01	nan	1.213552934058839128e-01	2.023270218003399568e-01	1.235711072053438109e+00
nan	3.586230000000000291e+04	3.586229999999999762e+01	nan	1.224721375967845888e-01	1.993163032069202034e-01	1.221839986598948435e+00
nan	3.573159999999999854e+04	3.573160000000000025e+01	nan	1.232017527549004454e-01	1.951282885197997419e-01	1.247918391013371764e+00
nan	3.576240000000000146e+04	3.576239999999999952e+01	nan	1.241837503791018149e-01	2.014927661731827635e-01	1.211121671076619055e+00
nan	3.578450000000000000e+04	3.578450000000000131e+01	nan	1.252829704542193778e-01	1.999873787868430286e-01	1.212021330414902121e+00
nan	3.558269999999999709e+04	3.558270000000000266e+01	nan	1.267293153647543191e-01	2.053202373039459960e-01	1.162335959038748090e+00
nan	3.561959999999999854e+04	3.561960000000000548e+01	nan	1.272783739073872766e-01	1.966684073684826228e-01	1.169204324104033077e+00
nan	3.563490000000000146e+04	3.563490000000000180e+01	nan	1.278092137150565466e-01	2.085304974388145216e-01	1.233562649517596199e+00
nan	3.559919999999999709e+04	3.559920000000000329e+01	nan	1.291134885718577263e-01	2.077381731190438285e-01	1.204306851673043521e+00
nan	3.567009999999999854e+04	3.567010000000000502e+01	nan	1.302369324785530580e-01	2.005021718701539279e-01	1.203886696343829943e+00
nan	3.574519999999999709e+04	3.574519999999999698e+01	nan	1.312212336392405976e-01	1.993269525892083782e-01	1.181396029842218365e+00
nan	3.563459999999999854e+04	3.563460000000000605e+01	nan	1.323273863244821824e-01	1.956085061701874073e-01	1.202002834819289490e+00
nan	3.558319999999999709e+04	3.558320000000000505e+01	nan	1.293792086915472317e-01	1.971407888729193314e-01	1.157086361920625750e+00
nan	3.557390000000000146e+04	3.557390000000000185e+01	nan	1.342874607404724030e-01	2.028222683300820728e-01	1.166019063147652357e+00
nan	3.559019999999999709e+04	3.559019999999999584e+01	nan	1.355033508050809132e-01	1.981878063512667043e-01	1.164440289949075336e+00
nan	3.562419999999999709e+04	3.562420000000000186e+01	nan	1.363250612472995671e-01	1.916688618932057275e-01	1.171528604830548881e+00
nan	3.548130000000000291e+04	3.548129999999999740e+01	nan	1.370020203932995062e-01	1.937455267188535890e-01	1.169674878482743541e+00
nan	3.553009999999999854e+04	3.553009999999999735e+01	nan	1.376238236568610718e-01	1.952061038234711998e-01	1.159113730329918823e+00
nan	3.555180000000000291e+04	3.555180000000000007e+01	nan	1.393746183751631007e-01	2.009344187284611838e-01	1.124985515235839895e+00
nan	3.561519999999999709e+04	3.561520000000000152e+01	nan	1.403298356081961740e-01	1.947401357132841626e-01	1.146919370293519647e+00
nan	3.561459999999999854e+04	3.561459999999999582e+01	nan	1.414889767809398846e-01	2.026670232924651649e-01	1.128053135126181550e+00
nan	3.566600000000000000e+04	3.566599999999999682e+01	nan	1.415365145766457888e-01	2.068958727509275231e-01	1.145820913078428704e+00
nan	3.562269999999999709e+04	3.562270000000000181e+01	nan	1.435216353522235921e-01	2.036007166175610728e-01	1.087137317478234610e+00
nan	3.560090000000000146e+04	3.560089999999999577e+01	nan	1.445141399432060270e-01	1.986516052776908792e-01	1.109514063644160942e+00
nan	3.556159999999999854e+04	3.556160000000000565e+01	nan	1.452399584908704300e-01	1.998380551851077214e-01	1.121325785993701585e+00
nan	3.537969999999999709e+04	3.537969999999999970e+01	nan	1.468214165205637411e-01	2.008930646424615385e-01	1.134508876702254643e+00
nan	3.523150000000000000e+04	3.523149999999999693e+01	nan	1.472168436039623940e-01	2.018345301565250272e-01	1.115170860792036311e+00
nan	3.514780000000000291e+04	3.514779999999999660e+01	nan	1.485918251909680576e-01	1.964841720114977319e-01	1.112376223124154517e+00
nan	3.510709999999999854e+04	3.510710000000000264e+01	nan	1.486567536778295451e-01	2.049948780515269409e-01	1.115008804097205042e+00
nan	3.489530000000000291e+04	3.489530000000000598e+01	nan	1.502285341992006806e-01	1.907262507663539386e-01	1.056451872965605165e+00
nan	3.476719999999999709e+04	3.476720000000000255e+01	nan	1.512811856401043431e-01	1.988193686111333069e-01	1.082140406214085360e+00
nan	3.476809999999999854e+04	3.476809999999999690e+01	nan	1.522404264616909475e-01	2.050392857255420864e-01	1.068759677713973399e+00
nan	3.450690000000000146e+04	3.450690000000000168e+01	nan	1.535320656856242749e-01	1.930226877457508483e-01	1.088605027811885506e+00
nan	3.451540000000000146e+04	3.451540000000000674e+01	nan	1.543939115587903699e-01	1.998122890948304253e-01	1.084844677343445696e+00
nan	3.444040000000000146e+04	3.444039999999999679e+01	nan	1.552201828096457237e-01	1.968827004749652276e-01	1.095104873051419236e+00
nan	3.429430000000000291e+04	3.429430000000000689e+01	nan	1.565915986061895693e-01	2.028737031754227205e-01	1.067837091404814087e+00
nan	3.427419999999999709e+04	3.427420000000000044e+01	nan	1.566897346333178120e-01	1.972835734600624225e-01	1.077799718912110238e+00
nan	3.417700000000000000e+04	3.417699999999999960e+01	nan	1.579562561561033418e-01	2.012938619332155510e-01	1.052293826908266450e+00
nan	3.408850000000000000e+04	3.408849999999999625e+01	nan	1.596468309603039926e-01	2.036827972470725556e-01	1.059048599051877870e+00
nan	3.389519999999999709e+04	3.389520000000000266e+01	nan	1.598731112323150683e-01	1.976708307125004116e-01	1.050526878985807544e+00
nan	3.385569999999999709e+04	3.385569999999999879e+01	nan	1.613602836233212767e-01	1.974595525806249474e-01	1.037162594542540006e+00
nan	3.374450000000000000e+04	3.374450000000000216e+01	nan	1.625856564109227631e-01	2.046289489996260258e-01	1.043020037457295768e+00
nan	3.334280000000000291e+04	3.334280000000000399e+01	nan	1.633041861639185355e-01	1.971573940075779519e-01	1.027165692597288738e+00
nan	3.312009999999999854e+04	3.312010000000000076e+01	nan	1.633615845181623227e-01	2.014374866266313846e-01	1.036746845377465531e+00
nan	3.277800000000000000e+04	3.277800000000000580e+01	nan	1.652601022368003214e-01	2.032393497271414162e-01	1.050370966529950989e+00
nan	3.243029999999999927e+04	3.243030000000000257e+01	nan	1.660513921363616363e-01	2.009723551162960753e-01	1.018716587112769245e+00
nan	3.197800000000000000e+04	3.197800000000000153e+01	nan	1.672937939799396534e-01	2.007539249531946068e-01	1.032260265641061547e+00
nan	3.176420000000000073e+04	3.176419999999999888e+01	nan	1.686029567351141623e-01	1.953777598051824882e-01	1.033509844480727136e+00
nan	3.140929999999999927e+04	3.140930000000000177e+01	nan	1.695110473616807667e-01	2.000896733907011060e-01	1.031870268704010218e+00
nan	3.114170000000000073e+04	3.114170000000000371e+01	nan	1.693641656287923070e-01	2.053350794547885716e-01	1.002118895269263010e+00
nan	3.073029999999999927e+04	3.073029999999999973e+01	nan	1.715901661990159310e-01	2.036557457200320054e-01	1.016857170568849167e+00
nan	3.030590000000000146e+04	3.030589999999999762e+01	nan	1.721289035128762690e-01	2.033981796000677300e-01	1.028931394058204774e+00
nan	3.003440000000000146e+04	3.003439999999999799e+01	nan	1.732574301947352180e-01	1.999620022086639193e-01	1.013130907658425617e+00
nan	2.946259999999999854e+04	2.946259999999999835e+01	nan	1.744188429122090211e-01	1.964066285719905380e-01	1.004795436640243400e+00
nan	2.887350000000000000e+04	2.887349999999999994e+01	nan	1.745217065844229809e-01	1.992281682120476405e-01	9.910894238277121460e-01
nan	2.829140000000000146e+04	2.829139999999999944e+01	nan	1.757038342981331880e-01	1.967149077602179941e-01	1.003495438151511987e+00
nan	2.764759999999999854e+04	2.764760000000000062e+01	nan	1.773847968260838515e-01	2.059742346463929452e-01	9.730081809097873569e-01
nan	2.712620000000000073e+04	2.712620000000000076e+01	nan	1.784278153179798265e-01	2.029009204085999440e-01	9.935056917314375458e-01
nan	2.656840000000000146e+04	2.656839999999999691e+01	nan	1.794479801271876285e-01	1.907977446891343243e-01	9.895326668733146480e-01
nan	2.593959999999999854e+04	2.593959999999999511e+01	nan	1.800402305407999282e-01	1.966202489352529281e-01	9.875458465141578879e-01
nan	2.534309999999999854e+04	2.534309999999999974e+01	nan	1.814163929459794988e-01	2.002954002497203123e-01	9.766887599845366363e-01
nan	2.444000000000000000e+04	2.444000000000000128e+01	nan	1.763727181456536952e-01	1.982308174477782348e-01	9.535655515123873105e-01
nan	2.336570000000000073e+04	2.336569999999999681e+01	nan	1.831378766302066141e-01	1.956336326322888064e-01	9.776561065708667675e-01
nan	2.242620000000000073e+04	2.242620000000000147e+01	nan	1.837293203543282627e-01	2.028821991603606545e-01	9.595062818025299478e-01
nan	2.129820000000000073e+04	2.129820000000000135e+01	nan	1.850368207807974730e-01	1.991834249688925196e-01	9.817504584997636119e-01
nan	2.014979999999999927e+04	2.014980000000000260e+01	nan	1.834586476591681392e-01	2.023493624921778866e-01	9.585667563841729910e-01
nan	1.917000000000000000e+04	1.917000000000000171e+01	nan	1.868041339436018744e-01	2.037556504206750607e-01	9.551231436346301340e-01
nan	1.789179999999999927e+04	1.789179999999999993e+01	nan	1.869692172781441397e-01	2.002822797657595744e-01	9.308694152918690623e-01
nan	1.654340000000000146e+04	1.654339999999999833e+01	nan	1.887103572259292150e-01	1.965477633178856487e-01	9.619589120462922471e-01
nan	1.534679999999999927e+04	1.534679999999999822e+01	nan	1.878363834682289790e-01	1.953940061183276344e-01	9.486206680142756920e-01
nan	1.401700000000000000e+04	1.401700000000000124e+01	nan	1.894350584413842797e-01	1.988569656246903239e-01	9.105463098208751438e-01
nan	1.284820000000000073e+04	1.284820000000000029e+01	nan	1.912523615648296926e-01	1.999730766231453960e-01	9.437195601272385659e-01
nan	1.179450000000000000e+04	1.179449999999999932e+01	nan	1.862608641522527086e-01	1.936619235895627456e-01	9.161960124957134743e-01
nan	1.079860000000000036e+04	1.079860000000000042e+01	nan	1.878568616453634432e-01	2.070521933028515726e-01	9.604564397072614668e-01
nan	9.806100000000000364e+03	9.806100000000000705e+00	nan	1.945614514884795310e-01	1.976316962246849607e-01	9.304828866273926469e-01
nan	8.971899999999999636e+03	8.971900000000001540e+00	nan	1.955164201872406637e-01	1.984257087783541373e-01	9.112269569924912327e-01
nan	8.101199999999999818e+03	8.101200000000000401e+00	nan	1.949054498063730878e-01	1.913172951293460877e-01	9.312913186066111848e-01
nan	7.313300000000000182e+03	7.313300000000000800e+00	nan	1.963290591741269908e-01	1.951013733355435320e-01	9.143210980628786455e-01
