# SourcePhotonFlux	NumberRaysSurvived	PercentageRaysSurvived	PhotonFlux	Bandwidth	HorizontalFocusFWHM	VerticalFocusFWHM
nan	0.000000000000000000e+00	0.000000000000000000e+00	0.000000000000000000e+00	0.000000000000000000e+00	0.000000000000000000e+00	0.000000000000000000e+00
nan	0.000000000000000000e+00	0.000000000000000000e+00	0.000000000000000000e+00	0.000000000000000000e+00	0.000000000000000000e+00	0.000000000000000000e+00
nan	0.000000000000000000e+00	0.000000000000000000e+00	0.000000000000000000e+00	0.000000000000000000e+00	0.000000000000000000e+00	0.000000000000000000e+00
nan	0.000000000000000000e+00	0.000000000000000000e+00	0.000000000000000000e+00	0.000000000000000000e+00	0.000000000000000000e+00	0.000000000000000000e+00
nan	0.000000000000000000e+00	0.000000000000000000e+00	0.000000000000000000e+00	0.000000000000000000e+00	0.000000000000000000e+00	0.000000000000000000e+00
nan	0.000000000000000000e+00	0.000000000000000000e+00	0.000000000000000000e+00	0.000000000000000000e+00	0.000000000000000000e+00	0.000000000000000000e+00
nan	0.000000000000000000e+00	0.000000000000000000e+00	0.000000000000000000e+00	0.000000000000000000e+00	0.000000000000000000e+00	0.000000000000000000e+00
nan	0.000000000000000000e+00	0.000000000000000000e+00	0.000000000000000000e+00	0.000000000000000000e+00	0.000000000000000000e+00	0.000000000000000000e+00
nan	0.000000000000000000e+00	0.000000000000000000e+00	0.000000000000000000e+00	0.000000000000000000e+00	0.000000000000000000e+00	0.000000000000000000e+00
nan	0.000000000000000000e+00	0.000000000000000000e+00	0.000000000000000000e+00	0.000000000000000000e+00	0.000000000000000000e+00	0.000000000000000000e+00
nan	0.000000000000000000e+00	0.000000000000000000e+00	0.000000000000000000e+00	0.000000000000000000e+00	0.000000000000000000e+00	0.000000000000000000e+00
nan	0.000000000000000000e+00	0.000000000000000000e+00	0.000000000000000000e+00	0.000000000000000000e+00	0.000000000000000000e+00	0.000000000000000000e+00
nan	0.000000000000000000e+00	0.000000000000000000e+00	0.000000000000000000e+00	0.000000000000000000e+00	0.000000000000000000e+00	0.000000000000000000e+00
nan	0.000000000000000000e+00	0.000000000000000000e+00	0.000000000000000000e+00	0.000000000000000000e+00	0.000000000000000000e+00	0.000000000000000000e+00
nan	0.000000000000000000e+00	0.000000000000000000e+00	0.000000000000000000e+00	0.000000000000000000e+00	0.000000000000000000e+00	0.000000000000000000e+00
nan	nan	nan	nan	nan	nan	nan
nan	nan	nan	nan	nan	nan	nan
nan	3.399999999999999689e-01	3.400000000000000244e-04	nan	2.583487723636401865e-03	1.656540344759586947e-02	6.137887084271250737e-01
nan	nan	nan	nan	nan	nan	nan
nan	1.180000000000000160e+00	1.179999999999999842e-03	nan	3.753619489625018187e-03	2.235395908579789967e-02	8.366527975347433088e-01
nan	2.399999999999999911e+00	2.400000000000000223e-03	nan	3.962625358966684504e-03	2.089330942802968688e-02	7.326348239547795238e-01
nan	3.600000000000000089e+00	3.599999999999999901e-03	nan	4.060854684554785279e-03	2.110637018818757940e-02	8.496371077648140480e-01
nan	6.379999999999999893e+00	6.379999999999999387e-03	nan	4.283140638949530822e-03	2.184796362789581323e-02	8.496645533466586908e-01
nan	8.640000000000000568e+00	8.639999999999998376e-03	nan	4.306255800800698474e-03	2.132400952473838610e-02	8.325331928681632965e-01
nan	1.394000000000000128e+01	1.394000000000000274e-02	nan	5.514736697973816881e-03	1.462288753927977816e-02	8.308373056250220046e-01
nan	2.000000000000000000e+01	2.000000000000000042e-02	nan	5.480801114083675221e-03	1.798432326489378744e-02	8.688404464260001125e-01
nan	2.726999999999999957e+01	2.727000000000000604e-02	nan	6.087394282666167694e-03	2.013381690290711942e-02	1.034063827586106710e+00
nan	3.738000000000000256e+01	3.738000000000000350e-02	nan	5.775962925444133589e-03	1.845094353153299907e-02	1.033324655853389284e+00
nan	5.111999999999999744e+01	5.111999999999999877e-02	nan	5.775014676149718869e-03	1.915751953214805264e-02	1.009635100067435065e+00
nan	6.778999999999999204e+01	6.778999999999998916e-02	nan	6.173485491095363417e-03	1.784925503021408608e-02	9.936031514846437318e-01
nan	8.587999999999999545e+01	8.588000000000001188e-02	nan	6.415676108974252730e-03	1.808621157454744569e-02	1.070519941627739113e+00
nan	1.059799999999999898e+02	1.059799999999999909e-01	nan	6.450906508190570529e-03	1.904837964709099607e-02	1.082842658552597204e+00
nan	1.269900000000000091e+02	1.269899999999999918e-01	nan	6.893367375333666995e-03	2.027417163462288952e-02	1.119684444625377306e+00
nan	1.451099999999999852e+02	1.451099999999999890e-01	nan	6.560434202921641700e-03	1.986047883684536469e-02	1.140571504615771614e+00
nan	1.664300000000000068e+02	1.664300000000000224e-01	nan	7.182771444911395173e-03	1.936941936762490157e-02	1.141807102735803436e+00
nan	1.901599999999999966e+02	1.901600000000000235e-01	nan	7.343978642880699334e-03	1.959919592256490276e-02	1.185339456336637287e+00
nan	2.109900000000000091e+02	2.109900000000000109e-01	nan	7.440978954629570707e-03	2.050119803042989644e-02	1.091349499918991217e+00
nan	2.348900000000000148e+02	2.348899999999999599e-01	nan	7.432600934319424923e-03	1.953711036805813248e-02	1.177136708551196786e+00
nan	2.622500000000000000e+02	2.622499999999999831e-01	nan	7.546513633098328455e-03	1.956417586147633433e-02	1.124584696079321988e+00
nan	2.883000000000000114e+02	2.883000000000000007e-01	nan	7.710468636353056023e-03	2.007792930246212262e-02	1.126379374590663618e+00
nan	3.147900000000000205e+02	3.147900000000000142e-01	nan	7.758458476317428403e-03	1.946167290395110078e-02	1.097243081920236563e+00
nan	3.399800000000000182e+02	3.399800000000000044e-01	nan	7.763417625204738562e-03	2.004248211092028720e-02	1.123078913675774393e+00
nan	3.621000000000000227e+02	3.621000000000000885e-01	nan	8.093138346924462836e-03	2.060897097413854837e-02	1.122611151818877939e+00
nan	3.847400000000000091e+02	3.847400000000000264e-01	nan	8.147332374261254118e-03	1.928859367850143183e-02	1.121839158084629862e+00
nan	4.075000000000000000e+02	4.074999999999999178e-01	nan	8.134001075878246473e-03	2.013073863090682550e-02	1.135769891866312609e+00
nan	4.305899999999999750e+02	4.305899999999999173e-01	nan	8.252757483720927351e-03	1.939702867843256726e-02	1.084328091022101592e+00
nan	4.578799999999999955e+02	4.578799999999999537e-01	nan	8.361486992617272671e-03	2.043744254961746970e-02	1.089886557490624019e+00
nan	4.903300000000000409e+02	4.903299999999999881e-01	nan	8.499278105710175724e-03	1.981105262082900192e-02	1.128674793137850019e+00
nan	5.120099999999999909e+02	5.120099999999999651e-01	nan	8.619483329655393961e-03	1.948520051876123996e-02	1.017395711390630009e+00
nan	5.361699999999999591e+02	5.361700000000000355e-01	nan	8.789785265217345961e-03	1.952448467349313793e-02	1.069783616372132817e+00
nan	5.600699999999999363e+02	5.600699999999999568e-01	nan	8.832383852550407949e-03	1.919217197179419812e-02	1.076724305284151972e+00
nan	5.732000000000000455e+02	5.732000000000000428e-01	nan	8.964695560019464785e-03	2.040602678784245519e-02	1.069046927935324298e+00
nan	5.868700000000000045e+02	5.868700000000000028e-01	nan	9.044551751052551380e-03	2.034150165038045924e-02	1.095668681041010117e+00
nan	6.025099999999999909e+02	6.025099999999999900e-01	nan	9.139393015543931589e-03	1.949055903077043239e-02	1.010294633926873020e+00
nan	6.190199999999999818e+02	6.190199999999999037e-01	nan	9.164989011208176869e-03	1.916829397966155271e-02	1.077150674402888253e+00
nan	6.292599999999999909e+02	6.292600000000000415e-01	nan	9.371828168795701824e-03	1.988463758139148371e-02	1.000032393916776119e+00
nan	6.429600000000000364e+02	6.429599999999998650e-01	nan	9.513687753369168970e-03	1.929070425944242120e-02	1.049211053353539258e+00
nan	6.568799999999999955e+02	6.568800000000000194e-01	nan	9.443266061683743690e-03	1.985448089356974324e-02	1.023161468391733830e+00
nan	6.626499999999999773e+02	6.626499999999999613e-01	nan	9.442148908597403079e-03	2.028946638967482272e-02	1.012879720158556207e+00
nan	6.694900000000000091e+02	6.694900000000001405e-01	nan	9.716112970527745682e-03	2.005781899225326723e-02	1.015487732942264909e+00
nan	6.713899999999999864e+02	6.713900000000000423e-01	nan	9.876013036233359521e-03	2.004364732972680960e-02	9.879598387987169605e-01
nan	6.725800000000000409e+02	6.725799999999999557e-01	nan	9.973076461030672829e-03	1.933597597462509768e-02	9.844523264362544657e-01
nan	6.757100000000000364e+02	6.757099999999999218e-01	nan	1.010289388537856381e-02	1.927749575792303549e-02	1.032620214462403929e+00
nan	6.786600000000000819e+02	6.786599999999998190e-01	nan	1.018496473726727969e-02	2.043525438387758242e-02	9.767124590148636987e-01
nan	6.764100000000000819e+02	6.764100000000000668e-01	nan	1.028167271804932177e-02	1.952908313433657228e-02	1.020230880319675792e+00
nan	6.789100000000000819e+02	6.789100000000000135e-01	nan	1.036228694505453643e-02	2.016084455154150065e-02	9.588080712072223344e-01
nan	6.763300000000000409e+02	6.763300000000000978e-01	nan	1.036000889718920355e-02	2.022549786266975361e-02	9.477213255402855419e-01
nan	6.817999999999999545e+02	6.817999999999999616e-01	nan	1.061972866109513712e-02	2.021495482452824802e-02	9.708452955912744153e-01
nan	6.823600000000000136e+02	6.823600000000000776e-01	nan	1.073520414459210384e-02	1.972763677197146917e-02	9.723230546368586413e-01
nan	6.792000000000000455e+02	6.792000000000000259e-01	nan	1.078367254559154179e-02	2.018172888704812193e-02	9.712569212308146405e-01
nan	6.776899999999999409e+02	6.776899999999999036e-01	nan	1.082283866706134842e-02	2.045155996401773826e-02	9.643482586161302716e-01
nan	6.746800000000000637e+02	6.746800000000000574e-01	nan	1.100152140957263124e-02	1.918939903575113057e-02	9.409831947685241005e-01
nan	6.699399999999999409e+02	6.699399999999999800e-01	nan	1.098231771223396463e-02	2.009114631019322944e-02	9.377092058324887347e-01
nan	6.718399999999999181e+02	6.718399999999999928e-01	nan	1.117629823451963579e-02	1.995289808052847641e-02	9.329712490052981533e-01
nan	6.601100000000000136e+02	6.601099999999999746e-01	nan	1.111893615417102431e-02	1.996187190032094189e-02	9.482068538962993287e-01
nan	6.636899999999999409e+02	6.636900000000000022e-01	nan	1.127501490067672404e-02	1.980560145564252278e-02	9.401726483287330405e-01
nan	6.605899999999999181e+02	6.605900000000000105e-01	nan	1.147985324883748701e-02	1.979269154280953458e-02	9.404914026683941497e-01
nan	6.574100000000000819e+02	6.574099999999999389e-01	nan	1.161448240673706653e-02	2.056671961071374066e-02	9.393517648589881919e-01
nan	6.550899999999999181e+02	6.550900000000000611e-01	nan	1.148829962135749713e-02	1.973109539196496801e-02	9.170567937190685637e-01
nan	6.531399999999999864e+02	6.531399999999999428e-01	nan	1.178994193719461181e-02	1.955574046396630489e-02	9.144143764605615621e-01
nan	6.467100000000000364e+02	6.467100000000000071e-01	nan	1.171520119531706434e-02	2.010155219266905255e-02	8.945341546154084167e-01
nan	6.511800000000000637e+02	6.511799999999998700e-01	nan	1.179506102033954507e-02	1.986254152408052989e-02	8.844323149948868368e-01
nan	6.456200000000000045e+02	6.456199999999999717e-01	nan	1.206813344562903019e-02	1.970254274957961710e-02	9.127562328900487021e-01
nan	6.484399999999999409e+02	6.484400000000001274e-01	nan	1.184004895942980529e-02	1.946490043269064052e-02	8.903740030496631874e-01
nan	6.430299999999999727e+02	6.430299999999999905e-01	nan	1.180164981474730347e-02	1.932630551681558881e-02	8.963941136126030163e-01
nan	6.405199999999999818e+02	6.405200000000000893e-01	nan	1.233546183251974133e-02	1.995510377098553417e-02	8.597280215571299067e-01
nan	6.405399999999999636e+02	6.405399999999998872e-01	nan	1.231691018513288334e-02	2.034335020654238005e-02	8.763612703615064614e-01
nan	6.377200000000000273e+02	6.377200000000000646e-01	nan	1.240021787227320316e-02	1.972861130512360353e-02	8.998772794973891598e-01
nan	6.342999999999999545e+02	6.342999999999998639e-01	nan	1.260981375476689058e-02	1.982263085754140675e-02	8.892571040217367440e-01
nan	6.336100000000000136e+02	6.336100000000001176e-01	nan	1.274597250718869680e-02	1.974094307784680230e-02	8.674266772457505104e-01
nan	6.355499999999999545e+02	6.355500000000000593e-01	nan	1.273297050786112439e-02	1.979641893857821827e-02	8.765914239568060040e-01
nan	6.314600000000000364e+02	6.314599999999999103e-01	nan	1.238535330596876247e-02	1.987141833495732063e-02	8.637581582192073171e-01
nan	6.288899999999999864e+02	6.288899999999999491e-01	nan	1.301742251985928134e-02	1.927315366998417351e-02	8.527435040315165526e-01
nan	6.248100000000000591e+02	6.248100000000000875e-01	nan	1.305292914518133875e-02	2.028776092436068712e-02	8.194097777105694425e-01
nan	6.212699999999999818e+02	6.212699999999999889e-01	nan	1.325534228517028477e-02	1.983258002673976561e-02	8.214654620220898096e-01
nan	6.216600000000000819e+02	6.216599999999999904e-01	nan	1.340379332239933705e-02	1.983460618016747237e-02	8.470253747994110904e-01
nan	6.166100000000000136e+02	6.166099999999999914e-01	nan	1.332425609362957244e-02	2.006934858105654390e-02	8.774471779772798907e-01
nan	6.147599999999999909e+02	6.147599999999998621e-01	nan	1.345695376127196106e-02	1.941135805436929734e-02	8.308381771288845252e-01
nan	6.078700000000000045e+02	6.078699999999999104e-01	nan	1.356502347771652330e-02	1.946409508186273257e-02	8.385707464282999846e-01
nan	6.047999999999999545e+02	6.048000000000000043e-01	nan	1.377087446256240397e-02	1.989856275220597617e-02	8.566070908422342978e-01
nan	6.039700000000000273e+02	6.039700000000000069e-01	nan	1.373069736293274466e-02	1.968929495663070475e-02	8.051487204635027206e-01
nan	6.001600000000000819e+02	6.001600000000000268e-01	nan	1.387013852374025316e-02	1.975412092137720024e-02	8.086789126711193543e-01
nan	5.981200000000000045e+02	5.981199999999999850e-01	nan	1.397359935508717468e-02	2.030864974642972859e-02	8.215487508412602224e-01
nan	5.903500000000000227e+02	5.903499999999999304e-01	nan	1.401255442739767453e-02	2.041505449577715042e-02	8.341235985920839591e-01
nan	5.887799999999999727e+02	5.887799999999999701e-01	nan	1.403001680241231994e-02	1.973311567020690632e-02	7.973406426458993224e-01
nan	5.820299999999999727e+02	5.820299999999999363e-01	nan	1.421215105798324940e-02	1.992892228847908606e-02	8.016853210744769864e-01
nan	5.744500000000000455e+02	5.744500000000000162e-01	nan	1.420844429648212767e-02	2.025627821258416117e-02	8.242301340004412058e-01
nan	5.639300000000000637e+02	5.639300000000000423e-01	nan	1.444085000786799432e-02	1.979207378656185415e-02	8.366135978807196505e-01
nan	5.643600000000000136e+02	5.643600000000000838e-01	nan	1.461477916470443027e-02	2.088806603769659959e-02	7.625724199638318490e-01
nan	5.566600000000000819e+02	5.566600000000000437e-01	nan	1.451895372557402211e-02	1.991193244302277496e-02	8.029073934387310763e-01
nan	5.486000000000000227e+02	5.485999999999998655e-01	nan	1.454830955438268271e-02	2.032872262972454380e-02	8.059128827209131041e-01
nan	5.434199999999999591e+02	5.434200000000000141e-01	nan	1.489939508434503027e-02	2.071992132241072537e-02	7.968891374040848463e-01
nan	5.345499999999999545e+02	5.345499999999999696e-01	nan	1.498643834441026022e-02	1.956838668268189030e-02	8.003349260557985900e-01
nan	5.283700000000000045e+02	5.283700000000000063e-01	nan	1.498428254629118397e-02	2.011314347262966110e-02	7.740764977929285307e-01
nan	5.218899999999999864e+02	5.218899999999999650e-01	nan	1.501079499128962769e-02	2.013272418840031386e-02	7.613941140463557078e-01
nan	5.119100000000000250e+02	5.119099999999999762e-01	nan	1.531663249426429806e-02	1.938190811758663812e-02	7.888293561799269993e-01
nan	5.107199999999999704e+02	5.107200000000000628e-01	nan	1.498764412988862205e-02	2.058810339777853229e-02	7.461746287889183815e-01
nan	5.006699999999999591e+02	5.006700000000000594e-01	nan	1.516078157819436036e-02	1.993653791214020782e-02	7.379976259237414071e-01
nan	4.978399999999999750e+02	4.978399999999999492e-01	nan	1.523325583619168991e-02	2.066559316789418066e-02	7.823218549028568836e-01
nan	4.892100000000000364e+02	4.892100000000000892e-01	nan	1.567296828281627280e-02	1.998859533624416929e-02	7.708042558510035391e-01
nan	4.815600000000000591e+02	4.815600000000000991e-01	nan	1.573884929553798911e-02	1.989857059588102245e-02	7.728428077598428203e-01
nan	4.741000000000000227e+02	4.741000000000001324e-01	nan	1.542137414212447696e-02	2.015486817011929305e-02	7.784925404013447459e-01
nan	4.681999999999999886e+02	4.682000000000000606e-01	nan	1.593322529194494963e-02	1.985978165620019484e-02	7.778279439489037550e-01
nan	4.639800000000000182e+02	4.639800000000000035e-01	nan	1.590292979151541886e-02	1.922316926792121822e-02	7.661043044854236594e-01
nan	4.513899999999999864e+02	4.513900000000000690e-01	nan	1.585280203056072673e-02	1.999293740322104912e-02	7.656888460096643589e-01
nan	4.377800000000000296e+02	4.377799999999999470e-01	nan	1.609840542856886755e-02	2.011465256316079947e-02	7.491892036623484241e-01
nan	4.261000000000000227e+02	4.261000000000000343e-01	nan	1.618205153417107828e-02	1.922619877009567810e-02	7.325516526104884907e-01
nan	4.224199999999999591e+02	4.224200000000000732e-01	nan	1.643841287335533197e-02	2.009225217470698294e-02	7.318245068663472574e-01
nan	4.058199999999999932e+02	4.058199999999999585e-01	nan	1.668077671475515569e-02	1.943954133880119658e-02	7.497120274360034031e-01
nan	3.969599999999999795e+02	3.969599999999998685e-01	nan	1.650540972369952952e-02	1.998458497850931492e-02	7.589839736395938008e-01
nan	3.847099999999999795e+02	3.847099999999999964e-01	nan	1.680798755727238442e-02	1.952193947783659872e-02	7.383188367983359868e-01
nan	3.748300000000000409e+02	3.748299999999999410e-01	nan	1.664325360055044986e-02	1.944871309936067189e-02	7.468062161743180827e-01
nan	3.659699999999999704e+02	3.659700000000000175e-01	nan	1.691030348459264532e-02	1.936583954457856208e-02	7.316353712301187917e-01
nan	3.542500000000000000e+02	3.542499999999999538e-01	nan	1.632824467055456891e-02	2.015982173287514737e-02	7.153759534828492139e-01
nan	3.414900000000000091e+02	3.414900000000000158e-01	nan	1.713139747774477042e-02	2.042795010094085664e-02	7.356680307650054207e-01
nan	3.258300000000000409e+02	3.258299999999999530e-01	nan	1.728222220673103493e-02	1.981456636868256585e-02	7.223975031227413135e-01
nan	3.152699999999999818e+02	3.152700000000000502e-01	nan	1.730614119005480234e-02	2.013490346931997438e-02	7.127700503242986318e-01
nan	3.052099999999999795e+02	3.052100000000000368e-01	nan	1.658368878210126490e-02	2.016914949837262869e-02	7.005180226572318425e-01
nan	2.913500000000000227e+02	2.913499999999999979e-01	nan	1.738102270267035190e-02	1.995753946226729719e-02	7.070683325159323740e-01
nan	2.788500000000000227e+02	2.788499999999999868e-01	nan	1.753010699366313804e-02	1.998627764801502033e-02	7.016130032340599509e-01
nan	2.695600000000000023e+02	2.695599999999999663e-01	nan	1.775805398184076081e-02	2.073095000163602264e-02	7.035711854630226636e-01
nan	2.594599999999999795e+02	2.594599999999999684e-01	nan	1.769917842413065018e-02	2.019409012011999516e-02	7.199212538321946298e-01
nan	2.466599999999999966e+02	2.466600000000000181e-01	nan	1.773898064168150795e-02	1.969700551426625812e-02	6.985970958150922172e-01
nan	2.348199999999999932e+02	2.348199999999999454e-01	nan	1.748724097643474668e-02	1.972282604434161951e-02	7.018272382781119978e-01
nan	2.179900000000000091e+02	2.179900000000000448e-01	nan	1.770288979642572341e-02	1.937886286559784010e-02	6.935992897505560695e-01
nan	2.049499999999999886e+02	2.049499999999999655e-01	nan	1.801373730683451455e-02	1.924220495185587770e-02	6.893188715785092402e-01
nan	1.909699999999999989e+02	1.909699999999999731e-01	nan	1.819042021797088321e-02	2.037849287833774434e-02	7.035977153240663418e-01
nan	1.794499999999999886e+02	1.794499999999999984e-01	nan	1.817812116028875297e-02	1.952152572881509299e-02	6.571445881981747839e-01
nan	1.666700000000000159e+02	1.666700000000000126e-01	nan	1.806877101800551805e-02	1.955715490451838401e-02	6.811491773958221474e-01
nan	1.518799999999999955e+02	1.518800000000000150e-01	nan	1.800311643011326748e-02	1.961485572552964379e-02	6.998317354752597863e-01
nan	1.369699999999999989e+02	1.369700000000000084e-01	nan	1.827833876646593400e-02	1.897250711362735362e-02	6.629566223305849437e-01
nan	1.242800000000000011e+02	1.242799999999999877e-01	nan	1.829051436137291500e-02	1.978981842987489678e-02	7.125611066498587221e-01
nan	1.131500000000000057e+02	1.131500000000000006e-01	nan	1.711497988135761081e-02	1.923033266428835278e-02	6.584146091982809867e-01
nan	1.014899999999999949e+02	1.014900000000000108e-01	nan	1.811185869520244227e-02	1.954505620150919637e-02	6.840600902583142684e-01
nan	9.120000000000000284e+01	9.119999999999998941e-02	nan	1.885591976561727320e-02	1.967322434079145713e-02	6.065730331195733349e-01
nan	8.131000000000000227e+01	8.131000000000000727e-02	nan	1.841751939356413639e-02	1.905418550324529739e-02	6.064477805633259333e-01
nan	7.342999999999999261e+01	7.343000000000000915e-02	nan	1.762753264495131589e-02	1.852776513588526644e-02	7.098078589980814090e-01
nan	6.504999999999999716e+01	6.505000000000001059e-02	nan	1.681478296654318957e-02	1.972844438214178472e-02	5.706722426399449821e-01
nan	5.712000000000000455e+01	5.712000000000000410e-02	nan	1.726498019470994877e-02	1.902677806626061618e-02	6.444887147791149573e-01
nan	5.092000000000000171e+01	5.091999999999999998e-02	nan	1.506610785650394635e-02	1.951296467882814717e-02	6.247719308000727612e-01
