# SourcePhotonFlux	NumberRaysSurvived	PercentageRaysSurvived	PhotonFlux	Bandwidth	HorizontalFocusFWHM	VerticalFocusFWHM
nan	0.000000000000000000e+00	0.000000000000000000e+00	0.000000000000000000e+00	0.000000000000000000e+00	0.000000000000000000e+00	0.000000000000000000e+00
nan	0.000000000000000000e+00	0.000000000000000000e+00	0.000000000000000000e+00	0.000000000000000000e+00	0.000000000000000000e+00	0.000000000000000000e+00
nan	0.000000000000000000e+00	0.000000000000000000e+00	0.000000000000000000e+00	0.000000000000000000e+00	0.000000000000000000e+00	0.000000000000000000e+00
nan	0.000000000000000000e+00	0.000000000000000000e+00	0.000000000000000000e+00	0.000000000000000000e+00	0.000000000000000000e+00	0.000000000000000000e+00
nan	0.000000000000000000e+00	0.000000000000000000e+00	0.000000000000000000e+00	0.000000000000000000e+00	0.000000000000000000e+00	0.000000000000000000e+00
nan	0.000000000000000000e+00	0.000000000000000000e+00	0.000000000000000000e+00	0.000000000000000000e+00	0.000000000000000000e+00	0.000000000000000000e+00
nan	0.000000000000000000e+00	0.000000000000000000e+00	0.000000000000000000e+00	0.000000000000000000e+00	0.000000000000000000e+00	0.000000000000000000e+00
nan	0.000000000000000000e+00	0.000000000000000000e+00	0.000000000000000000e+00	0.000000000000000000e+00	0.000000000000000000e+00	0.000000000000000000e+00
nan	0.000000000000000000e+00	0.000000000000000000e+00	0.000000000000000000e+00	0.000000000000000000e+00	0.000000000000000000e+00	0.000000000000000000e+00
nan	0.000000000000000000e+00	0.000000000000000000e+00	0.000000000000000000e+00	0.000000000000000000e+00	0.000000000000000000e+00	0.000000000000000000e+00
nan	0.000000000000000000e+00	0.000000000000000000e+00	0.000000000000000000e+00	0.000000000000000000e+00	0.000000000000000000e+00	0.000000000000000000e+00
nan	0.000000000000000000e+00	0.000000000000000000e+00	0.000000000000000000e+00	0.000000000000000000e+00	0.000000000000000000e+00	0.000000000000000000e+00
nan	6.362500000000000000e+01	6.362500000000000100e-02	nan	1.220725429469515788e-02	2.663320611730669585e-01	1.377868139114224455e-02
nan	1.230625000000000000e+02	1.230624999999999913e-01	nan	1.536287470540553812e-02	2.238487401971088753e-01	1.331452525450882440e-02
nan	2.144375000000000000e+02	2.144375000000000031e-01	nan	1.616972002539540654e-02	2.345496737929443909e-01	1.322346041885014145e-02
nan	3.181875000000000000e+02	3.181875000000000120e-01	nan	1.663739127342633850e-02	2.687792188279541361e-01	1.522576435562394970e-02
nan	4.661875000000000000e+02	4.661875000000000324e-01	nan	1.562996443793274182e-02	2.601282791588160892e-01	1.437848170566757844e-02
nan	5.805625000000000000e+02	5.805625000000000924e-01	nan	1.832266463921783384e-02	2.553151398566906316e-01	1.432377389346639607e-02
nan	7.066875000000000000e+02	7.066875000000000240e-01	nan	1.877104471223312032e-02	2.690260376248639895e-01	1.379637566699876139e-02
nan	8.396250000000000000e+02	8.396250000000000657e-01	nan	1.895636491708430071e-02	2.527987210350118863e-01	1.372230783882844030e-02
nan	1.012812500000000000e+03	1.012812500000000115e+00	nan	1.981337927654180930e-02	2.668622749102304015e-01	1.382917715741072140e-02
nan	1.142000000000000000e+03	1.141999999999999904e+00	nan	1.999022849469689334e-02	2.508276909970594271e-01	1.388407267443680926e-02
nan	1.245000000000000000e+03	1.245000000000000107e+00	nan	2.054487986389474941e-02	2.705770123822107687e-01	1.320859835362808710e-02
nan	1.414437500000000000e+03	1.414437500000000014e+00	nan	2.118779114211832848e-02	2.662291198417305882e-01	1.256036176543828820e-02
nan	1.587312500000000000e+03	1.587312500000000126e+00	nan	2.140271531617354839e-02	2.650389863007233116e-01	1.310283604422723958e-02
nan	1.707937500000000000e+03	1.707937500000000108e+00	nan	2.233054436723058700e-02	2.568459313387466136e-01	1.299658079522869603e-02
nan	1.798375000000000000e+03	1.798375000000000057e+00	nan	2.257351974675358974e-02	2.592018670787066270e-01	1.198496299039317203e-02
nan	1.903000000000000000e+03	1.903000000000000025e+00	nan	2.312510398754508145e-02	2.613350467072047545e-01	1.197960377344134408e-02
nan	1.972937500000000000e+03	1.972937500000000011e+00	nan	2.374059971490893872e-02	2.601325404132672769e-01	1.165176027867735609e-02
nan	2.037875000000000000e+03	2.037875000000000103e+00	nan	2.431801639025366057e-02	2.655270653536158099e-01	1.152249357541261510e-02
nan	2.066875000000000000e+03	2.066874999999999574e+00	nan	2.482694581941835565e-02	2.731440090734079673e-01	1.107701484520494731e-02
nan	2.095375000000000000e+03	2.095375000000000210e+00	nan	2.517139999420425767e-02	2.636708297527790013e-01	1.170273398625965022e-02
nan	2.108750000000000000e+03	2.108749999999999680e+00	nan	2.573481785463549443e-02	2.748742504085988081e-01	1.143088909102218942e-02
nan	2.127812500000000000e+03	2.127812500000000107e+00	nan	2.612239414494244016e-02	2.658212014013253688e-01	1.037738250566827558e-02
nan	2.124125000000000000e+03	2.124125000000000263e+00	nan	2.661964895656065977e-02	2.527576420872734708e-01	1.148538911763766213e-02
nan	2.128375000000000000e+03	2.128375000000000128e+00	nan	2.716750911145382474e-02	2.572112961641096485e-01	1.055652699598880195e-02
nan	2.121750000000000000e+03	2.121750000000000469e+00	nan	2.769051047666959420e-02	2.714691164282835856e-01	1.016269433074534767e-02
nan	2.092375000000000000e+03	2.092374999999999652e+00	nan	2.773427637791225919e-02	2.692556293694051139e-01	1.067980711881949540e-02
nan	2.096625000000000000e+03	2.096624999999999961e+00	nan	2.863224641157557926e-02	2.619585933731004568e-01	1.020797291207664603e-02
nan	2.077125000000000000e+03	2.077125000000000110e+00	nan	2.881834028687091376e-02	2.774635272498119365e-01	1.035746460307213068e-02
nan	2.099187500000000000e+03	2.099187500000000206e+00	nan	2.985089965746201557e-02	2.703845724422612173e-01	1.055010130316802464e-02
nan	2.058625000000000000e+03	2.058625000000000149e+00	nan	3.023615110912913906e-02	2.530705210826360019e-01	1.040078971769731186e-02
nan	2.083250000000000000e+03	2.083250000000000046e+00	nan	3.075971081886130776e-02	2.713243584535708908e-01	9.760312215077449061e-03
nan	2.077500000000000000e+03	2.077499999999999680e+00	nan	3.104543025253914124e-02	2.666400069177161103e-01	1.058592588865392425e-02
nan	2.052437500000000000e+03	2.052437499999999915e+00	nan	3.143367556869680612e-02	2.716020674171806260e-01	9.883250667145460078e-03
nan	2.069312500000000000e+03	2.069312500000000110e+00	nan	3.235517959218547901e-02	2.596897178877598522e-01	9.736395345670501023e-03
nan	2.059437500000000000e+03	2.059437500000000032e+00	nan	3.267920860893624990e-02	2.604808038397804504e-01	9.771643778576977191e-03
nan	2.062750000000000000e+03	2.062750000000000306e+00	nan	3.278802962999982640e-02	2.460340852405466794e-01	9.822612938832020468e-03
nan	2.057000000000000000e+03	2.056999999999999940e+00	nan	3.343116976657256600e-02	2.676970261104164583e-01	9.804481083222627014e-03
nan	2.030437500000000000e+03	2.030437499999999673e+00	nan	3.395725235547253362e-02	2.546734647696356491e-01	9.454158067035867141e-03
nan	2.033562500000000000e+03	2.033562499999999940e+00	nan	3.458127947528844004e-02	2.638045304457922735e-01	9.300178990678364954e-03
nan	1.965687500000000000e+03	1.965687500000000032e+00	nan	3.506917583562874086e-02	2.716402602453558135e-01	9.613877654685354379e-03
nan	1.953062500000000000e+03	1.953062500000000146e+00	nan	3.567733626365665600e-02	2.510152839400229818e-01	9.396618265824607796e-03
nan	1.903812500000000000e+03	1.903812499999999908e+00	nan	3.614917778479487254e-02	2.524948864708178586e-01	9.796635490012084446e-03
nan	1.869000000000000000e+03	1.869000000000000217e+00	nan	3.662974606053204241e-02	2.499453811520394586e-01	9.510484588473033796e-03
nan	1.810375000000000000e+03	1.810375000000000068e+00	nan	3.688106516478839580e-02	2.585981571273200941e-01	8.833906998427343282e-03
nan	1.773312500000000000e+03	1.773312499999999847e+00	nan	3.761398371929480788e-02	2.641405506403488035e-01	8.941939061946513334e-03
nan	1.716875000000000000e+03	1.716875000000000151e+00	nan	3.819176709917826429e-02	2.656018673460747714e-01	9.557506184772357472e-03
nan	1.675250000000000000e+03	1.675250000000000128e+00	nan	3.750370549763815120e-02	2.697966296310398415e-01	9.053243558942991598e-03
nan	1.615562500000000000e+03	1.615562500000000012e+00	nan	3.885249501970378105e-02	2.695580426727692824e-01	8.674825420015297439e-03
nan	1.548812500000000000e+03	1.548812499999999925e+00	nan	3.952089125087709931e-02	2.649431071693544304e-01	9.176237624095584522e-03
nan	1.488625000000000000e+03	1.488624999999999865e+00	nan	3.982055854040034149e-02	2.664184139144237795e-01	8.612414186227379531e-03
nan	1.443812500000000000e+03	1.443812499999999943e+00	nan	4.072014659101697021e-02	2.589387445010938316e-01	8.360217413591053415e-03
nan	1.332000000000000000e+03	1.331999999999999851e+00	nan	4.085160376474838984e-02	2.460832484433858047e-01	8.413805963876974658e-03
nan	1.279562500000000000e+03	1.279562499999999936e+00	nan	4.155706552158022760e-02	2.593909544552302493e-01	8.812043861696317038e-03
nan	1.190687500000000000e+03	1.190687500000000121e+00	nan	3.911815588322120618e-02	2.613193773831354871e-01	8.651188951768640223e-03
nan	1.104250000000000000e+03	1.104249999999999954e+00	nan	4.232283089077348848e-02	2.725598263301556301e-01	8.677692532732761421e-03
nan	1.039500000000000000e+03	1.039499999999999869e+00	nan	4.291116748492740385e-02	2.529134608624641345e-01	8.640224789074890666e-03
nan	9.311875000000000000e+02	9.311875000000000568e-01	nan	4.356690459127499082e-02	2.641397871833914279e-01	8.656875705956634803e-03
nan	8.574375000000000000e+02	8.574375000000000746e-01	nan	4.251712719250022587e-02	2.614893828948680055e-01	8.846548271437493227e-03
nan	7.785000000000000000e+02	7.784999999999999698e-01	nan	4.434796257420536847e-02	2.616426316832571319e-01	8.875864029632030139e-03
nan	7.039375000000000000e+02	7.039375000000001048e-01	nan	4.496320399455377981e-02	2.762418055994192989e-01	8.288677374113539997e-03
nan	6.186875000000000000e+02	6.186875000000000568e-01	nan	4.503506131182355432e-02	2.491163189413297396e-01	8.591758672092053573e-03
nan	3.650000000000000000e+01	3.650000000000000466e-02	nan	1.095768932345819735e-02	1.684494735518070052e-01	2.196612065178607867e-03
nan	0.000000000000000000e+00	0.000000000000000000e+00	0.000000000000000000e+00	0.000000000000000000e+00	0.000000000000000000e+00	0.000000000000000000e+00
nan	0.000000000000000000e+00	0.000000000000000000e+00	0.000000000000000000e+00	0.000000000000000000e+00	0.000000000000000000e+00	0.000000000000000000e+00
nan	0.000000000000000000e+00	0.000000000000000000e+00	0.000000000000000000e+00	0.000000000000000000e+00	0.000000000000000000e+00	0.000000000000000000e+00
nan	0.000000000000000000e+00	0.000000000000000000e+00	0.000000000000000000e+00	0.000000000000000000e+00	0.000000000000000000e+00	0.000000000000000000e+00
nan	0.000000000000000000e+00	0.000000000000000000e+00	0.000000000000000000e+00	0.000000000000000000e+00	0.000000000000000000e+00	0.000000000000000000e+00
nan	0.000000000000000000e+00	0.000000000000000000e+00	0.000000000000000000e+00	0.000000000000000000e+00	0.000000000000000000e+00	0.000000000000000000e+00
nan	0.000000000000000000e+00	0.000000000000000000e+00	0.000000000000000000e+00	0.000000000000000000e+00	0.000000000000000000e+00	0.000000000000000000e+00
nan	0.000000000000000000e+00	0.000000000000000000e+00	0.000000000000000000e+00	0.000000000000000000e+00	0.000000000000000000e+00	0.000000000000000000e+00
nan	0.000000000000000000e+00	0.000000000000000000e+00	0.000000000000000000e+00	0.000000000000000000e+00	0.000000000000000000e+00	0.000000000000000000e+00
nan	0.000000000000000000e+00	0.000000000000000000e+00	0.000000000000000000e+00	0.000000000000000000e+00	0.000000000000000000e+00	0.000000000000000000e+00
nan	0.000000000000000000e+00	0.000000000000000000e+00	0.000000000000000000e+00	0.000000000000000000e+00	0.000000000000000000e+00	0.000000000000000000e+00
nan	0.000000000000000000e+00	0.000000000000000000e+00	0.000000000000000000e+00	0.000000000000000000e+00	0.000000000000000000e+00	0.000000000000000000e+00
nan	0.000000000000000000e+00	0.000000000000000000e+00	0.000000000000000000e+00	0.000000000000000000e+00	0.000000000000000000e+00	0.000000000000000000e+00
nan	0.000000000000000000e+00	0.000000000000000000e+00	0.000000000000000000e+00	0.000000000000000000e+00	0.000000000000000000e+00	0.000000000000000000e+00
nan	0.000000000000000000e+00	0.000000000000000000e+00	0.000000000000000000e+00	0.000000000000000000e+00	0.000000000000000000e+00	0.000000000000000000e+00
nan	0.000000000000000000e+00	0.000000000000000000e+00	0.000000000000000000e+00	0.000000000000000000e+00	0.000000000000000000e+00	0.000000000000000000e+00
nan	0.000000000000000000e+00	0.000000000000000000e+00	0.000000000000000000e+00	0.000000000000000000e+00	0.000000000000000000e+00	0.000000000000000000e+00
nan	0.000000000000000000e+00	0.000000000000000000e+00	0.000000000000000000e+00	0.000000000000000000e+00	0.000000000000000000e+00	0.000000000000000000e+00
nan	6.700000000000000000e+01	6.700000000000000400e-02	nan	1.335054392831436232e-02	1.647834243345937533e-01	1.336233334186909261e-02
nan	1.233125000000000000e+02	1.233124999999999916e-01	nan	1.220107621330424053e-02	2.412546034689002084e-01	1.448666609586002352e-02
nan	2.063125000000000000e+02	2.063125000000000098e-01	nan	1.230967249325320978e-02	2.475186118438662819e-01	1.450622695691849984e-02
nan	3.186875000000000000e+02	3.186875000000000124e-01	nan	1.674201010327003303e-02	2.472673307650927743e-01	1.383252934839207526e-02
nan	4.433125000000000000e+02	4.433124999999999982e-01	nan	1.760266268274346402e-02	2.877344049587091668e-01	1.445737399778157517e-02
nan	5.639375000000000000e+02	5.639374999999999805e-01	nan	1.816978602026519951e-02	2.655226530733410528e-01	1.488981927283650197e-02
nan	6.871875000000000000e+02	6.871875000000000622e-01	nan	1.862056869287709304e-02	2.612991024459578870e-01	1.403855896106109835e-02
nan	8.241875000000000000e+02	8.241875000000001839e-01	nan	1.917183776892450453e-02	2.798139783955992388e-01	1.258451587222286783e-02
nan	9.748750000000000000e+02	9.748750000000000471e-01	nan	1.980058746101409639e-02	2.922317022842980672e-01	1.436652369626034709e-02
nan	1.111312500000000000e+03	1.111312499999999925e+00	nan	1.853221945734340181e-02	2.692205593735862434e-01	1.360532135077952010e-02
nan	1.228312500000000000e+03	1.228312499999999918e+00	nan	2.063665006399073576e-02	2.559017346600516163e-01	1.343124128392636507e-02
nan	1.365937500000000000e+03	1.365937500000000027e+00	nan	2.116540397351229785e-02	2.545145929689741626e-01	1.261802534266598386e-02
nan	1.533250000000000000e+03	1.533249999999999780e+00	nan	2.185934821823209973e-02	2.535570541362656138e-01	1.270961764352118717e-02
nan	1.646625000000000000e+03	1.646624999999999783e+00	nan	2.198508974658341941e-02	2.660888764651176408e-01	1.222492427334814780e-02
nan	1.748875000000000000e+03	1.748874999999999957e+00	nan	2.099976757086424034e-02	2.732801582514474692e-01	1.253228450025956064e-02
nan	1.832625000000000000e+03	1.832624999999999948e+00	nan	2.310699111850489373e-02	2.738112063158752996e-01	1.185857878284451994e-02
nan	1.906250000000000000e+03	1.906250000000000222e+00	nan	2.367456901948461478e-02	2.626102539687904525e-01	1.167149940737065295e-02
nan	1.945062500000000000e+03	1.945062500000000139e+00	nan	2.427068495931994363e-02	2.476918609949961547e-01	1.163177800447559238e-02
nan	2.009875000000000000e+03	2.009875000000000078e+00	nan	2.477393723398702008e-02	2.721820208409876374e-01	1.121425836690275943e-02
nan	2.040812500000000000e+03	2.040812499999999918e+00	nan	2.524464592790653938e-02	2.565452683027101832e-01	1.172681165516742396e-02
nan	2.042375000000000000e+03	2.042374999999999829e+00	nan	2.569067437138450316e-02	2.529654253627602878e-01	1.094957715761166184e-02
nan	2.077937500000000000e+03	2.077937499999999993e+00	nan	2.638108550948281561e-02	2.621161949104406363e-01	1.097989501645710297e-02
nan	2.084687500000000000e+03	2.084687499999999805e+00	nan	2.466950031198451854e-02	2.466321997628108664e-01	1.089716175282873234e-02
nan	2.047125000000000000e+03	2.047125000000000306e+00	nan	2.719444348737010131e-02	2.662464532856393395e-01	1.110309637597778343e-02
nan	2.057125000000000000e+03	2.057125000000000092e+00	nan	2.737683846149252531e-02	2.632107558191723040e-01	1.086266041702721452e-02
nan	2.027750000000000000e+03	2.027750000000000163e+00	nan	2.822753542673872573e-02	2.735714275181209132e-01	1.058279701530956407e-02
nan	2.004687500000000000e+03	2.004687500000000178e+00	nan	2.883042473264563199e-02	2.529022603862833840e-01	1.020648078391911406e-02
nan	2.018125000000000000e+03	2.018124999999999947e+00	nan	2.687017708634305974e-02	2.661960335732027616e-01	1.051785348924444419e-02
nan	2.003687500000000000e+03	2.003687499999999844e+00	nan	2.965933331491044100e-02	2.590104272605398550e-01	1.017195780226698432e-02
nan	2.010625000000000000e+03	2.010625000000000107e+00	nan	3.026459994065788806e-02	2.693764964924660332e-01	1.023602844727522498e-02
nan	1.986875000000000000e+03	1.986874999999999947e+00	nan	3.023960877923137502e-02	2.560888327685686416e-01	9.846639977345916783e-03
nan	1.983250000000000000e+03	1.983250000000000179e+00	nan	3.113963778508743729e-02	2.617692310248481147e-01	9.541270346589469931e-03
nan	2.005250000000000000e+03	2.005249999999999755e+00	nan	3.167462811344012863e-02	2.561423766236069488e-01	9.778609272103722105e-03
nan	2.003062500000000000e+03	2.003062500000000412e+00	nan	3.230255365268064338e-02	2.624158196863232151e-01	1.005545470001667496e-02
nan	1.986500000000000000e+03	1.986499999999999932e+00	nan	3.252933498521670685e-02	2.654931644218690989e-01	9.803433995962729242e-03
nan	1.983312500000000000e+03	1.983312500000000034e+00	nan	3.301403163014704489e-02	2.647523810772759445e-01	9.366606469391913770e-03
nan	1.981062500000000000e+03	1.981062499999999948e+00	nan	3.356639810435524396e-02	2.533801992802980907e-01	1.012595036273433724e-02
nan	1.935687500000000000e+03	1.935687500000000005e+00	nan	3.371737830621057697e-02	2.539131053010988959e-01	9.677879986669579715e-03
nan	1.933687500000000000e+03	1.933687500000000004e+00	nan	3.427886519703804424e-02	2.682289916730845603e-01	8.965098293553852571e-03
nan	1.917437500000000000e+03	1.917437500000000128e+00	nan	3.513375932050522010e-02	2.625912513273674920e-01	9.691013435354944860e-03
nan	1.880375000000000000e+03	1.880374999999999908e+00	nan	3.577494119946322826e-02	2.661872677882614613e-01	9.629678194820301407e-03
nan	1.858750000000000000e+03	1.858750000000000124e+00	nan	3.631027682403953349e-02	2.537313198131231351e-01	9.470423121170190583e-03
nan	1.812937500000000000e+03	1.812937500000000091e+00	nan	3.617943042108606733e-02	2.707713334160599672e-01	8.808373867783103606e-03
nan	1.775750000000000000e+03	1.775750000000000162e+00	nan	3.652564498407606663e-02	2.608278360494052928e-01	9.066449966569356533e-03
nan	1.714687500000000000e+03	1.714687499999999920e+00	nan	3.775814339348926296e-02	2.705508933423440565e-01	9.025584136562292414e-03
nan	1.672000000000000000e+03	1.671999999999999931e+00	nan	3.784001208834908425e-02	2.585524406635685279e-01	8.579977349000067477e-03
nan	1.631312500000000000e+03	1.631312499999999943e+00	nan	3.883546731151810150e-02	2.486302157772173338e-01	9.037313629418841643e-03
nan	1.575687500000000000e+03	1.575687499999999908e+00	nan	3.918738931002074821e-02	2.533926242886335167e-01	8.900017766477530401e-03
nan	1.497875000000000000e+03	1.497875000000000068e+00	nan	3.914235290857526195e-02	2.510539310860104845e-01	9.054934338841080788e-03
nan	1.458000000000000000e+03	1.457999999999999963e+00	nan	3.966280759673246337e-02	2.599656023755109180e-01	8.930682056263350432e-03
nan	1.389625000000000000e+03	1.389625000000000110e+00	nan	4.044475806101033299e-02	2.503120999422378534e-01	8.834254346884895526e-03
nan	1.303875000000000000e+03	1.303875000000000117e+00	nan	4.042516053491063133e-02	2.548788414647675804e-01	8.465779124473327144e-03
nan	1.228375000000000000e+03	1.228374999999999995e+00	nan	4.110362381566368128e-02	2.652787023813674150e-01	8.643766948176700993e-03
nan	1.156437500000000000e+03	1.156437500000000007e+00	nan	4.008424497555296284e-02	2.590005861701633050e-01	8.195808344936050815e-03
nan	1.076062500000000000e+03	1.076062499999999922e+00	nan	4.210738723570806030e-02	2.563780615544180019e-01	8.314941179691670570e-03
nan	9.993125000000000000e+02	9.993125000000000480e-01	nan	4.293985144708400981e-02	2.664702205552744174e-01	7.724706686066618033e-03
nan	9.120625000000000000e+02	9.120624999999999982e-01	nan	4.025421649324201212e-02	2.728274308691811534e-01	8.107783374687649314e-03
nan	8.141250000000000000e+02	8.141249999999999876e-01	nan	4.368178778730857914e-02	2.572847214416988382e-01	8.535131382383154275e-03
nan	7.540000000000000000e+02	7.540000000000000036e-01	nan	4.168314653801274972e-02	2.376694143747434262e-01	8.436678874522707261e-03
nan	6.810625000000000000e+02	6.810625000000000151e-01	nan	4.102551633226880767e-02	2.393799491406472801e-01	8.430552899924448340e-03
nan	5.975000000000000000e+02	5.975000000000000311e-01	nan	4.366823919705886681e-02	2.720618233841046174e-01	7.829454880072139744e-03
nan	3.075000000000000000e+01	3.074999999999999956e-02	nan	1.248110338893404503e-02	2.672516804521816725e-01	1.794783812836042713e-03
nan	0.000000000000000000e+00	0.000000000000000000e+00	0.000000000000000000e+00	0.000000000000000000e+00	0.000000000000000000e+00	0.000000000000000000e+00
nan	0.000000000000000000e+00	0.000000000000000000e+00	0.000000000000000000e+00	0.000000000000000000e+00	0.000000000000000000e+00	0.000000000000000000e+00
nan	0.000000000000000000e+00	0.000000000000000000e+00	0.000000000000000000e+00	0.000000000000000000e+00	0.000000000000000000e+00	0.000000000000000000e+00
nan	0.000000000000000000e+00	0.000000000000000000e+00	0.000000000000000000e+00	0.000000000000000000e+00	0.000000000000000000e+00	0.000000000000000000e+00
nan	0.000000000000000000e+00	0.000000000000000000e+00	0.000000000000000000e+00	0.000000000000000000e+00	0.000000000000000000e+00	0.000000000000000000e+00
nan	0.000000000000000000e+00	0.000000000000000000e+00	0.000000000000000000e+00	0.000000000000000000e+00	0.000000000000000000e+00	0.000000000000000000e+00
nan	0.000000000000000000e+00	0.000000000000000000e+00	0.000000000000000000e+00	0.000000000000000000e+00	0.000000000000000000e+00	0.000000000000000000e+00
nan	0.000000000000000000e+00	0.000000000000000000e+00	0.000000000000000000e+00	0.000000000000000000e+00	0.000000000000000000e+00	0.000000000000000000e+00
nan	0.000000000000000000e+00	0.000000000000000000e+00	0.000000000000000000e+00	0.000000000000000000e+00	0.000000000000000000e+00	0.000000000000000000e+00
nan	0.000000000000000000e+00	0.000000000000000000e+00	0.000000000000000000e+00	0.000000000000000000e+00	0.000000000000000000e+00	0.000000000000000000e+00
nan	0.000000000000000000e+00	0.000000000000000000e+00	0.000000000000000000e+00	0.000000000000000000e+00	0.000000000000000000e+00	0.000000000000000000e+00
nan	0.000000000000000000e+00	0.000000000000000000e+00	0.000000000000000000e+00	0.000000000000000000e+00	0.000000000000000000e+00	0.000000000000000000e+00
nan	0.000000000000000000e+00	0.000000000000000000e+00	0.000000000000000000e+00	0.000000000000000000e+00	0.000000000000000000e+00	0.000000000000000000e+00
nan	0.000000000000000000e+00	0.000000000000000000e+00	0.000000000000000000e+00	0.000000000000000000e+00	0.000000000000000000e+00	0.000000000000000000e+00
nan	0.000000000000000000e+00	0.000000000000000000e+00	0.000000000000000000e+00	0.000000000000000000e+00	0.000000000000000000e+00	0.000000000000000000e+00
nan	0.000000000000000000e+00	0.000000000000000000e+00	0.000000000000000000e+00	0.000000000000000000e+00	0.000000000000000000e+00	0.000000000000000000e+00
nan	0.000000000000000000e+00	0.000000000000000000e+00	0.000000000000000000e+00	0.000000000000000000e+00	0.000000000000000000e+00	0.000000000000000000e+00
nan	0.000000000000000000e+00	0.000000000000000000e+00	0.000000000000000000e+00	0.000000000000000000e+00	0.000000000000000000e+00	0.000000000000000000e+00
nan	4.768750000000000000e+01	4.768749999999999378e-02	nan	1.458951592849233592e-02	2.357452838597284828e-01	1.580376018678397720e-02
nan	9.031250000000000000e+01	9.031249999999999001e-02	nan	1.408920084991687610e-02	2.261505182446264250e-01	1.401324058850450527e-02
nan	1.575625000000000000e+02	1.575624999999999942e-01	nan	1.564316938548149238e-02	2.423800862191334837e-01	1.304053477499422797e-02
nan	2.331250000000000000e+02	2.331249999999999989e-01	nan	1.579626164785619125e-02	2.383993414909753028e-01	1.491100263161526662e-02
nan	3.332500000000000000e+02	3.332499999999999907e-01	nan	1.405634822935830641e-02	2.362867790130361578e-01	1.532017739524360600e-02
nan	4.156875000000000000e+02	4.156875000000000431e-01	nan	1.739120126742044192e-02	2.769528797421574318e-01	1.443073578552878100e-02
nan	5.036875000000000000e+02	5.036875000000000657e-01	nan	1.758732309123800519e-02	2.485495476455459873e-01	1.344967589500423166e-02
nan	6.103750000000000000e+02	6.103750000000001119e-01	nan	1.911406214840560835e-02	2.632170657057574248e-01	1.354529535237336546e-02
nan	7.225625000000000000e+02	7.225624999999998854e-01	nan	1.948367442205523048e-02	2.710958753714063363e-01	1.377291747192532778e-02
nan	8.111250000000000000e+02	8.111249999999999849e-01	nan	2.016337823671499052e-02	2.755966027543015340e-01	1.345789355196680415e-02
nan	8.896250000000000000e+02	8.896249999999999991e-01	nan	2.061533589714859005e-02	2.689850782000048346e-01	1.351424797579214854e-02
nan	9.991250000000000000e+02	9.991250000000000409e-01	nan	2.078051504048783471e-02	2.577499374420358924e-01	1.325015130372553251e-02
nan	1.117750000000000000e+03	1.117750000000000021e+00	nan	2.177836715946668278e-02	2.549016749173994012e-01	1.245141963363388671e-02
nan	1.240312500000000000e+03	1.240312499999999929e+00	nan	2.212556909368679214e-02	2.500129334693409477e-01	1.282465067647736712e-02
nan	1.293500000000000000e+03	1.293499999999999872e+00	nan	2.284106429043841757e-02	2.626026986893892357e-01	1.148765303845769581e-02
nan	1.340562500000000000e+03	1.340562500000000101e+00	nan	2.324277826418263970e-02	2.673470873735187547e-01	1.189221981329549593e-02
nan	1.406750000000000000e+03	1.406749999999999945e+00	nan	2.324923782444088260e-02	2.544819405871691087e-01	1.172162969214465833e-02
nan	1.455250000000000000e+03	1.455250000000000155e+00	nan	2.436629517219213170e-02	2.581632601962470241e-01	1.089847912043553219e-02
nan	1.477187500000000000e+03	1.477187500000000098e+00	nan	2.472988504260076326e-02	2.695131666389268821e-01	1.126085975245272319e-02
nan	1.505062500000000000e+03	1.505062499999999970e+00	nan	2.520268760715982381e-02	2.725495498786603688e-01	1.176056374629637358e-02
nan	1.509062500000000000e+03	1.509062499999999973e+00	nan	2.580290905931281742e-02	2.664407430885881167e-01	1.088460628473514324e-02
nan	1.531500000000000000e+03	1.531499999999999861e+00	nan	2.597425283512411198e-02	2.609445452543286414e-01	1.102138058294616085e-02
nan	1.527625000000000000e+03	1.527624999999999789e+00	nan	2.647659792075529595e-02	2.563974146458750658e-01	1.078544449677554251e-02
nan	1.527562500000000000e+03	1.527562499999999934e+00	nan	2.724004089237030968e-02	2.572288047914154663e-01	1.052771807884617106e-02
nan	1.512687500000000000e+03	1.512687499999999963e+00	nan	2.779941468974467256e-02	2.695063777460099397e-01	1.036436029173387618e-02
nan	1.509875000000000000e+03	1.509875000000000078e+00	nan	2.806507281757752992e-02	2.600361823879000500e-01	1.052315294854200278e-02
nan	1.492937500000000000e+03	1.492937500000000028e+00	nan	2.857795166722176816e-02	2.672602644064288602e-01	1.057427235186980674e-02
nan	1.479937500000000000e+03	1.479937500000000128e+00	nan	2.897889550941101788e-02	2.652136541721378249e-01	9.714458075483767274e-03
nan	1.500812500000000000e+03	1.500812500000000105e+00	nan	2.949684010008812862e-02	2.689921655682744883e-01	9.679174646935462256e-03
nan	1.490187500000000000e+03	1.490187499999999998e+00	nan	3.023746417207728854e-02	2.597384787206470369e-01	9.704654576744298211e-03
nan	1.492625000000000000e+03	1.492624999999999869e+00	nan	3.048223137816918893e-02	2.526460658400194736e-01	1.004323262761197544e-02
nan	1.485250000000000000e+03	1.485249999999999959e+00	nan	3.123238648133508377e-02	2.625533917463891975e-01	9.534378802922516272e-03
nan	1.466625000000000000e+03	1.466625000000000068e+00	nan	3.143305545030017356e-02	2.712462609504944222e-01	9.800853644170937073e-03
nan	1.478437500000000000e+03	1.478437500000000071e+00	nan	3.206711318857635717e-02	2.681606658025819101e-01	9.405009933172170378e-03
nan	1.470750000000000000e+03	1.470750000000000002e+00	nan	3.251627408770119132e-02	2.560249841404280136e-01	9.183899788821614507e-03
nan	1.489437500000000000e+03	1.489437499999999748e+00	nan	3.284002041587363863e-02	2.665870473476199543e-01	9.379424919858214693e-03
nan	1.466937500000000000e+03	1.466937500000000005e+00	nan	3.347021145481221538e-02	2.566923730365009981e-01	9.296876175868828973e-03
nan	1.451375000000000000e+03	1.451375000000000082e+00	nan	3.421172264124550111e-02	2.643613409508061007e-01	9.303667611235022505e-03
nan	1.430000000000000000e+03	1.430000000000000160e+00	nan	3.467810170990404117e-02	2.718833518715874087e-01	9.178138514496669842e-03
nan	1.441625000000000000e+03	1.441625000000000156e+00	nan	3.484656979790656806e-02	2.666708965374711138e-01	9.178294968617328742e-03
nan	1.398062500000000000e+03	1.398062499999999986e+00	nan	3.553043810729761276e-02	2.565124869707503530e-01	8.796987854051363520e-03
nan	1.379500000000000000e+03	1.379500000000000171e+00	nan	3.592667796004711533e-02	2.564656761482478342e-01	8.951163241511794766e-03
nan	1.345500000000000000e+03	1.345499999999999918e+00	nan	3.660185048284425591e-02	2.665404763986540804e-01	9.052533696573883404e-03
nan	1.302625000000000000e+03	1.302624999999999922e+00	nan	3.668273912428787753e-02	2.697747483158235982e-01	8.982949874299483994e-03
nan	1.263625000000000000e+03	1.263624999999999998e+00	nan	3.764806613435212057e-02	2.728979334456285155e-01	8.749127871375605991e-03
nan	1.229437500000000000e+03	1.229437499999999961e+00	nan	3.795957757968437818e-02	2.569781447761088078e-01	8.860015190986114675e-03
nan	1.208062500000000000e+03	1.208062499999999817e+00	nan	3.818975338861463342e-02	2.545043260345336011e-01	8.298995683379883914e-03
nan	1.167562500000000000e+03	1.167562500000000059e+00	nan	3.908042028894520570e-02	2.569595358307107946e-01	8.346990865094161549e-03
nan	1.114187500000000000e+03	1.114187500000000108e+00	nan	3.911532614698565169e-02	2.579744367578834519e-01	8.497554363994241911e-03
nan	1.075125000000000000e+03	1.075125000000000108e+00	nan	3.938313670609439043e-02	2.552878765428359120e-01	8.288284049528860109e-03
nan	1.030750000000000000e+03	1.030750000000000055e+00	nan	4.015280755933758883e-02	2.540415875760684283e-01	8.637193850996371935e-03
nan	9.626250000000000000e+02	9.626250000000000639e-01	nan	4.008188777882537579e-02	2.728597668304123536e-01	7.898221436027474951e-03
nan	9.140000000000000000e+02	9.140000000000000346e-01	nan	4.078881082528695856e-02	2.645602580880799248e-01	8.364895941373573507e-03
nan	8.595000000000000000e+02	8.594999999999999307e-01	nan	4.201294265557997676e-02	2.611197916004860953e-01	8.132087206347282660e-03
nan	7.979375000000000000e+02	7.979374999999998552e-01	nan	4.123791652986064094e-02	2.591857921591970149e-01	7.890811550033793864e-03
nan	7.291875000000000000e+02	7.291874999999999885e-01	nan	4.052113237737842155e-02	2.491595532547003777e-01	8.219445013502024722e-03
nan	6.770000000000000000e+02	6.769999999999999352e-01	nan	4.204897309133492911e-02	2.514112691490600904e-01	8.640482321348397221e-03
nan	6.147500000000000000e+02	6.147500000000000187e-01	nan	4.406371286893140393e-02	2.616029172671163749e-01	7.842354434259179996e-03
nan	5.481875000000000000e+02	5.481875000000000497e-01	nan	4.430899131574683736e-02	2.673982826052697104e-01	8.011388141310415989e-03
nan	5.053750000000000000e+02	5.053750000000000187e-01	nan	4.249559396747315532e-02	2.625420578963792440e-01	7.641652886235972275e-03
nan	4.448125000000000000e+02	4.448124999999999440e-01	nan	4.455730593170059706e-02	2.293488553048199097e-01	7.753757832255514515e-03
nan	1.900000000000000000e+01	1.899999999999999953e-02	nan	1.318163598142262777e-02	3.034521657928311300e-01	2.361653432801400204e-03
nan	0.000000000000000000e+00	0.000000000000000000e+00	0.000000000000000000e+00	0.000000000000000000e+00	0.000000000000000000e+00	0.000000000000000000e+00
nan	0.000000000000000000e+00	0.000000000000000000e+00	0.000000000000000000e+00	0.000000000000000000e+00	0.000000000000000000e+00	0.000000000000000000e+00
nan	0.000000000000000000e+00	0.000000000000000000e+00	0.000000000000000000e+00	0.000000000000000000e+00	0.000000000000000000e+00	0.000000000000000000e+00
nan	0.000000000000000000e+00	0.000000000000000000e+00	0.000000000000000000e+00	0.000000000000000000e+00	0.000000000000000000e+00	0.000000000000000000e+00
nan	0.000000000000000000e+00	0.000000000000000000e+00	0.000000000000000000e+00	0.000000000000000000e+00	0.000000000000000000e+00	0.000000000000000000e+00
nan	0.000000000000000000e+00	0.000000000000000000e+00	0.000000000000000000e+00	0.000000000000000000e+00	0.000000000000000000e+00	0.000000000000000000e+00
nan	0.000000000000000000e+00	0.000000000000000000e+00	0.000000000000000000e+00	0.000000000000000000e+00	0.000000000000000000e+00	0.000000000000000000e+00
nan	0.000000000000000000e+00	0.000000000000000000e+00	0.000000000000000000e+00	0.000000000000000000e+00	0.000000000000000000e+00	0.000000000000000000e+00
nan	0.000000000000000000e+00	0.000000000000000000e+00	0.000000000000000000e+00	0.000000000000000000e+00	0.000000000000000000e+00	0.000000000000000000e+00
nan	0.000000000000000000e+00	0.000000000000000000e+00	0.000000000000000000e+00	0.000000000000000000e+00	0.000000000000000000e+00	0.000000000000000000e+00
nan	0.000000000000000000e+00	0.000000000000000000e+00	0.000000000000000000e+00	0.000000000000000000e+00	0.000000000000000000e+00	0.000000000000000000e+00
nan	0.000000000000000000e+00	0.000000000000000000e+00	0.000000000000000000e+00	0.000000000000000000e+00	0.000000000000000000e+00	0.000000000000000000e+00
nan	0.000000000000000000e+00	0.000000000000000000e+00	0.000000000000000000e+00	0.000000000000000000e+00	0.000000000000000000e+00	0.000000000000000000e+00
nan	0.000000000000000000e+00	0.000000000000000000e+00	0.000000000000000000e+00	0.000000000000000000e+00	0.000000000000000000e+00	0.000000000000000000e+00
nan	0.000000000000000000e+00	0.000000000000000000e+00	0.000000000000000000e+00	0.000000000000000000e+00	0.000000000000000000e+00	0.000000000000000000e+00
nan	0.000000000000000000e+00	0.000000000000000000e+00	0.000000000000000000e+00	0.000000000000000000e+00	0.000000000000000000e+00	0.000000000000000000e+00
nan	0.000000000000000000e+00	0.000000000000000000e+00	0.000000000000000000e+00	0.000000000000000000e+00	0.000000000000000000e+00	0.000000000000000000e+00
nan	0.000000000000000000e+00	0.000000000000000000e+00	0.000000000000000000e+00	0.000000000000000000e+00	0.000000000000000000e+00	0.000000000000000000e+00
nan	2.100000000000000000e+01	2.099999999999999784e-02	nan	1.035053464443297377e-02	2.965462665256225483e-01	2.325237923731122286e-02
nan	4.000000000000000000e+01	4.000000000000000083e-02	nan	1.366815865713810751e-02	1.504556274991815379e-01	1.212653711258870892e-02
nan	7.162500000000000000e+01	7.162499999999999423e-02	nan	1.466077743956883950e-02	2.116918676609003680e-01	1.575056052997703127e-02
nan	1.059375000000000000e+02	1.059374999999999900e-01	nan	1.559752694431804088e-02	2.443228713497721527e-01	1.398336178197578938e-02
nan	1.547500000000000000e+02	1.547499999999999987e-01	nan	1.675569748195115949e-02	2.687008405876284978e-01	1.478025283600570283e-02
nan	1.925625000000000000e+02	1.925624999999999976e-01	nan	1.747572369739813780e-02	2.327793576469072145e-01	1.569976656635652112e-02
nan	2.320000000000000000e+02	2.319999999999999840e-01	nan	1.680291885139340025e-02	2.594391067221726299e-01	1.464706453609110337e-02
nan	2.749375000000000000e+02	2.749375000000000013e-01	nan	1.870155074133972306e-02	2.731525685590786012e-01	1.423597250603569897e-02
nan	3.340625000000000000e+02	3.340625000000000400e-01	nan	1.954550171195634789e-02	2.683440714718394737e-01	1.311899032449415081e-02
nan	3.775625000000000000e+02	3.775625000000000231e-01	nan	1.984099433841723936e-02	2.847802473459528638e-01	1.439430417950204877e-02
nan	4.203125000000000000e+02	4.203124999999999778e-01	nan	2.059798280970870366e-02	2.401003334017096646e-01	1.375377340803318749e-02
nan	4.695625000000000000e+02	4.695625000000000493e-01	nan	2.106908111135741279e-02	2.600972610234587590e-01	1.229472466567638200e-02
nan	5.160000000000000000e+02	5.160000000000000142e-01	nan	2.152487345788323125e-02	2.683262516359700145e-01	1.311762187606502206e-02
nan	5.507500000000000000e+02	5.507499999999999618e-01	nan	2.152826650847661227e-02	2.595772565013162447e-01	1.302584019243191449e-02
nan	5.942500000000000000e+02	5.942499999999999449e-01	nan	2.263743121729255847e-02	2.569589970600908435e-01	1.233709774012428650e-02
nan	6.276875000000000000e+02	6.276875000000000648e-01	nan	2.327670342495036238e-02	2.744253912113708838e-01	1.314139190475913099e-02
nan	6.590625000000000000e+02	6.590624999999999956e-01	nan	2.385227908640885630e-02	2.710208040057867640e-01	1.140503876561665964e-02
nan	6.793750000000000000e+02	6.793749999999999512e-01	nan	2.225476673261539418e-02	2.700590367379562262e-01	1.141582504878953588e-02
nan	6.888125000000000000e+02	6.888125000000000497e-01	nan	2.444884896693189091e-02	2.585662443375844610e-01	1.149725185727464363e-02
nan	6.872500000000000000e+02	6.872499999999999165e-01	nan	2.508713423220854111e-02	2.526837104483736218e-01	1.127978356747696975e-02
nan	7.063125000000000000e+02	7.063125000000001208e-01	nan	2.487092909288790565e-02	2.631451711158578344e-01	1.121078317147436443e-02
nan	7.018750000000000000e+02	7.018749999999999156e-01	nan	2.607241599464238391e-02	2.847313173610397374e-01	1.105283878016258270e-02
nan	7.132500000000000000e+02	7.132500000000000506e-01	nan	2.660218267987968233e-02	2.438073977922825264e-01	1.088277881424429272e-02
nan	7.086250000000000000e+02	7.086249999999999494e-01	nan	2.683242327919899139e-02	2.558426107847829312e-01	1.056275530176159494e-02
nan	7.101250000000000000e+02	7.101250000000000062e-01	nan	2.637719783724801204e-02	2.605320592497465393e-01	1.053273179282016025e-02
nan	7.020625000000000000e+02	7.020625000000000338e-01	nan	2.784102534168741983e-02	2.632306019077086945e-01	9.912612637293760631e-03
nan	6.890000000000000000e+02	6.890000000000000568e-01	nan	2.441116897888839787e-02	2.549383052359615043e-01	1.010292854125810491e-02
nan	6.958125000000000000e+02	6.958124999999999449e-01	nan	2.847498926469071989e-02	2.660522875119706310e-01	9.797522581833806310e-03
nan	6.870000000000000000e+02	6.870000000000000551e-01	nan	2.891189574862185196e-02	2.425969926472267280e-01	9.253052342619527693e-03
nan	6.831875000000000000e+02	6.831874999999999476e-01	nan	2.980930732333852973e-02	2.630297713667115178e-01	1.054144385166222442e-02
nan	6.859375000000000000e+02	6.859374999999999778e-01	nan	3.051453651755675622e-02	2.584783752255895850e-01	9.570586858300811350e-03
nan	6.889375000000000000e+02	6.889374999999999805e-01	nan	3.128539916039407842e-02	2.550677425987450953e-01	9.254509235196550776e-03
nan	6.782500000000000000e+02	6.782500000000000195e-01	nan	3.118059525939909093e-02	2.658744507007061997e-01	1.018942271850509229e-02
nan	6.979375000000000000e+02	6.979374999999999885e-01	nan	3.189222580758155345e-02	2.452891117532852161e-01	1.030722555332874713e-02
nan	6.920000000000000000e+02	6.920000000000000595e-01	nan	3.067420106362739318e-02	2.703260426942352135e-01	9.016646691009322367e-03
nan	6.880000000000000000e+02	6.880000000000000560e-01	nan	3.201599322148851456e-02	2.527481451781520838e-01	9.129955593797367541e-03
nan	6.752500000000000000e+02	6.752500000000000169e-01	nan	3.086221459249571808e-02	2.769994897683538126e-01	9.523322232690256683e-03
nan	6.621250000000000000e+02	6.621250000000000746e-01	nan	3.117722263929417065e-02	2.629999534084417334e-01	9.392524342386909808e-03
nan	6.588125000000000000e+02	6.588125000000000231e-01	nan	3.381962630015955540e-02	2.395501972802862034e-01	9.523492880890827017e-03
nan	6.631250000000000000e+02	6.631249999999999645e-01	nan	3.490105346230443217e-02	2.644708359352369031e-01	8.636076529535352542e-03
nan	6.437500000000000000e+02	6.437500000000000444e-01	nan	3.547701113011569873e-02	2.494566124641253713e-01	9.535838384225781006e-03
nan	6.403125000000000000e+02	6.403124999999999512e-01	nan	3.601054637951506265e-02	2.473348947900656514e-01	8.643479121101416141e-03
nan	6.118125000000000000e+02	6.118125000000000924e-01	nan	3.072612838309396466e-02	2.751294431322608980e-01	8.657757794293674536e-03
nan	5.985000000000000000e+02	5.985000000000000320e-01	nan	3.640564747834851289e-02	2.365847290486569610e-01	9.156983144154029475e-03
nan	5.885625000000000000e+02	5.885624999999999885e-01	nan	3.740679105305666496e-02	2.738949999259303603e-01	8.712925210959454603e-03
nan	5.587500000000000000e+02	5.587500000000000799e-01	nan	3.788124835404005353e-02	2.787807922718400500e-01	8.608579344274724932e-03
nan	5.691875000000000000e+02	5.691874999999999574e-01	nan	3.738969656055068924e-02	2.623850974063273722e-01	8.257370993102863821e-03
nan	5.378125000000000000e+02	5.378125000000000266e-01	nan	3.901060672127343310e-02	2.552067428435469409e-01	8.278919825734476490e-03
nan	5.167500000000000000e+02	5.167499999999999316e-01	nan	3.855301954235734740e-02	2.364758633488666106e-01	8.219979512609443262e-03
nan	4.960000000000000000e+02	4.959999999999999964e-01	nan	3.946065107675522654e-02	2.593235327211960151e-01	7.744991653676924770e-03
nan	4.758125000000000000e+02	4.758125000000000271e-01	nan	3.999949117416967681e-02	2.518077760664713116e-01	8.375888577160095494e-03
nan	4.473750000000000000e+02	4.473749999999999671e-01	nan	4.097820448358291401e-02	2.348434272565755043e-01	8.148646914506230132e-03
nan	4.263125000000000000e+02	4.263125000000000386e-01	nan	3.960887191385786821e-02	2.478957824417319100e-01	8.248936232321479878e-03
nan	3.961250000000000000e+02	3.961250000000000604e-01	nan	4.161857073063579548e-02	2.476579296879908854e-01	7.706941522108268217e-03
nan	3.741250000000000000e+02	3.741249999999999853e-01	nan	4.052522661451440911e-02	2.507944903126083647e-01	8.097313933405292374e-03
nan	3.373125000000000000e+02	3.373125000000000151e-01	nan	4.116752966886494391e-02	2.544543524908152166e-01	8.433695378732730674e-03
nan	3.066250000000000000e+02	3.066249999999999809e-01	nan	4.080198842186177899e-02	2.582258272939452759e-01	7.972024853529324773e-03
nan	2.841250000000000000e+02	2.841249999999999609e-01	nan	4.238356641553941984e-02	2.418267501177523982e-01	7.491913562501562041e-03
nan	2.486250000000000000e+02	2.486250000000000127e-01	nan	4.348441878568465313e-02	2.356667682484095416e-01	8.243415993428371280e-03
nan	2.314375000000000000e+02	2.314375000000000182e-01	nan	4.301705840829050942e-02	2.588961060990959684e-01	7.622765709404788481e-03
nan	2.065000000000000000e+02	2.064999999999999891e-01	nan	4.479214287339061684e-02	2.540405061979113532e-01	7.650579825611902862e-03
nan	6.187500000000000000e+00	6.187500000000000291e-03	nan	1.648727378037522298e-02	2.790675317878097972e-01	3.285982328069558724e-03
nan	0.000000000000000000e+00	0.000000000000000000e+00	0.000000000000000000e+00	0.000000000000000000e+00	0.000000000000000000e+00	0.000000000000000000e+00
nan	0.000000000000000000e+00	0.000000000000000000e+00	0.000000000000000000e+00	0.000000000000000000e+00	0.000000000000000000e+00	0.000000000000000000e+00
nan	0.000000000000000000e+00	0.000000000000000000e+00	0.000000000000000000e+00	0.000000000000000000e+00	0.000000000000000000e+00	0.000000000000000000e+00
nan	0.000000000000000000e+00	0.000000000000000000e+00	0.000000000000000000e+00	0.000000000000000000e+00	0.000000000000000000e+00	0.000000000000000000e+00
nan	0.000000000000000000e+00	0.000000000000000000e+00	0.000000000000000000e+00	0.000000000000000000e+00	0.000000000000000000e+00	0.000000000000000000e+00
nan	0.000000000000000000e+00	0.000000000000000000e+00	0.000000000000000000e+00	0.000000000000000000e+00	0.000000000000000000e+00	0.000000000000000000e+00
