# SourcePhotonFlux	NumberRaysSurvived	PercentageRaysSurvived	PhotonFlux	Bandwidth	HorizontalFocusFWHM	VerticalFocusFWHM
nan	0.000000000000000000e+00	0.000000000000000000e+00	0.000000000000000000e+00	0.000000000000000000e+00	0.000000000000000000e+00	0.000000000000000000e+00
nan	0.000000000000000000e+00	0.000000000000000000e+00	0.000000000000000000e+00	0.000000000000000000e+00	0.000000000000000000e+00	0.000000000000000000e+00
nan	0.000000000000000000e+00	0.000000000000000000e+00	0.000000000000000000e+00	0.000000000000000000e+00	0.000000000000000000e+00	0.000000000000000000e+00
nan	0.000000000000000000e+00	0.000000000000000000e+00	0.000000000000000000e+00	0.000000000000000000e+00	0.000000000000000000e+00	0.000000000000000000e+00
nan	0.000000000000000000e+00	0.000000000000000000e+00	0.000000000000000000e+00	0.000000000000000000e+00	0.000000000000000000e+00	0.000000000000000000e+00
nan	0.000000000000000000e+00	0.000000000000000000e+00	0.000000000000000000e+00	0.000000000000000000e+00	0.000000000000000000e+00	0.000000000000000000e+00
nan	0.000000000000000000e+00	0.000000000000000000e+00	0.000000000000000000e+00	0.000000000000000000e+00	0.000000000000000000e+00	0.000000000000000000e+00
nan	0.000000000000000000e+00	0.000000000000000000e+00	0.000000000000000000e+00	0.000000000000000000e+00	0.000000000000000000e+00	0.000000000000000000e+00
nan	0.000000000000000000e+00	0.000000000000000000e+00	0.000000000000000000e+00	0.000000000000000000e+00	0.000000000000000000e+00	0.000000000000000000e+00
nan	0.000000000000000000e+00	0.000000000000000000e+00	0.000000000000000000e+00	0.000000000000000000e+00	0.000000000000000000e+00	0.000000000000000000e+00
nan	0.000000000000000000e+00	0.000000000000000000e+00	0.000000000000000000e+00	0.000000000000000000e+00	0.000000000000000000e+00	0.000000000000000000e+00
nan	0.000000000000000000e+00	0.000000000000000000e+00	0.000000000000000000e+00	0.000000000000000000e+00	0.000000000000000000e+00	0.000000000000000000e+00
nan	0.000000000000000000e+00	0.000000000000000000e+00	0.000000000000000000e+00	0.000000000000000000e+00	0.000000000000000000e+00	0.000000000000000000e+00
nan	0.000000000000000000e+00	0.000000000000000000e+00	0.000000000000000000e+00	0.000000000000000000e+00	0.000000000000000000e+00	0.000000000000000000e+00
nan	0.000000000000000000e+00	0.000000000000000000e+00	0.000000000000000000e+00	0.000000000000000000e+00	0.000000000000000000e+00	0.000000000000000000e+00
nan	0.000000000000000000e+00	0.000000000000000000e+00	0.000000000000000000e+00	0.000000000000000000e+00	0.000000000000000000e+00	0.000000000000000000e+00
nan	0.000000000000000000e+00	0.000000000000000000e+00	0.000000000000000000e+00	0.000000000000000000e+00	0.000000000000000000e+00	0.000000000000000000e+00
nan	0.000000000000000000e+00	0.000000000000000000e+00	0.000000000000000000e+00	0.000000000000000000e+00	0.000000000000000000e+00	0.000000000000000000e+00
nan	0.000000000000000000e+00	0.000000000000000000e+00	0.000000000000000000e+00	0.000000000000000000e+00	0.000000000000000000e+00	0.000000000000000000e+00
nan	0.000000000000000000e+00	0.000000000000000000e+00	0.000000000000000000e+00	0.000000000000000000e+00	0.000000000000000000e+00	0.000000000000000000e+00
nan	0.000000000000000000e+00	0.000000000000000000e+00	0.000000000000000000e+00	0.000000000000000000e+00	0.000000000000000000e+00	0.000000000000000000e+00
nan	0.000000000000000000e+00	0.000000000000000000e+00	0.000000000000000000e+00	0.000000000000000000e+00	0.000000000000000000e+00	0.000000000000000000e+00
nan	0.000000000000000000e+00	0.000000000000000000e+00	0.000000000000000000e+00	0.000000000000000000e+00	0.000000000000000000e+00	0.000000000000000000e+00
nan	0.000000000000000000e+00	0.000000000000000000e+00	0.000000000000000000e+00	0.000000000000000000e+00	0.000000000000000000e+00	0.000000000000000000e+00
nan	0.000000000000000000e+00	0.000000000000000000e+00	0.000000000000000000e+00	0.000000000000000000e+00	0.000000000000000000e+00	0.000000000000000000e+00
nan	0.000000000000000000e+00	0.000000000000000000e+00	0.000000000000000000e+00	0.000000000000000000e+00	0.000000000000000000e+00	0.000000000000000000e+00
nan	0.000000000000000000e+00	0.000000000000000000e+00	0.000000000000000000e+00	0.000000000000000000e+00	0.000000000000000000e+00	0.000000000000000000e+00
nan	3.125000000000000000e-01	3.125000000000000065e-04	nan	7.053477758385190421e-03	6.632612450715855146e-02	9.217879266084296960e-03
nan	3.275000000000000000e+01	3.275000000000000133e-02	nan	1.962987631688761780e-02	2.380589244943694394e-01	7.933143754841087691e-02
nan	3.148750000000000000e+02	3.148750000000000160e-01	nan	2.290467872055046428e-02	2.238702102617454726e-01	1.357599790510142235e-01
nan	1.012625000000000000e+03	1.012624999999999886e+00	nan	2.465027118535356720e-02	2.531264107884395598e-01	2.647807022604057314e-01
nan	1.704312500000000000e+03	1.704312499999999897e+00	nan	2.483515139342884481e-02	2.659871500206928419e-01	4.896967812110817331e-01
nan	2.031062500000000000e+03	2.031062499999999993e+00	nan	2.561084443809225064e-02	2.639897823640396934e-01	5.308941135935149047e-01
nan	2.116687500000000000e+03	2.116687500000000277e+00	nan	2.619283036373865059e-02	2.713023228755876426e-01	5.171739081858383047e-01
nan	2.137750000000000000e+03	2.137749999999999595e+00	nan	2.687608173283084767e-02	2.651614840395224437e-01	4.848863127654652327e-01
nan	2.145750000000000000e+03	2.145750000000000046e+00	nan	2.707211973040113406e-02	2.656687886258060072e-01	4.788489556009423165e-01
nan	2.115437500000000000e+03	2.115437500000000082e+00	nan	2.784518473804187266e-02	2.693449078130535357e-01	4.879515497055876283e-01
nan	2.127312500000000000e+03	2.127312499999999940e+00	nan	2.818207298861619137e-02	2.600571541040930246e-01	4.800541602861749801e-01
nan	2.112312500000000000e+03	2.112312499999999815e+00	nan	2.883340143063861660e-02	2.604170051797520258e-01	4.600727558405658391e-01
nan	2.098750000000000000e+03	2.098749999999999893e+00	nan	2.902314525657256894e-02	2.650625737831386330e-01	4.656663487668303292e-01
nan	2.079875000000000000e+03	2.079874999999999918e+00	nan	2.947992048752468008e-02	2.634076557024835341e-01	4.689254503536683938e-01
nan	2.073375000000000000e+03	2.073374999999999968e+00	nan	3.006681546650202819e-02	2.811234648581126261e-01	4.353951161470438480e-01
nan	2.078000000000000000e+03	2.077999999999999847e+00	nan	3.054337147736596592e-02	2.644607339988173100e-01	4.700851873217601895e-01
nan	2.076375000000000000e+03	2.076375000000000082e+00	nan	3.129435046929263109e-02	2.556563765191841586e-01	4.676348759112808895e-01
nan	2.079375000000000000e+03	2.079375000000000195e+00	nan	3.143782801551520123e-02	2.501192464365053492e-01	4.575791274674989029e-01
nan	2.077062500000000000e+03	2.077062500000000256e+00	nan	3.209651654866618742e-02	2.701915327972415071e-01	4.615069402719852443e-01
nan	2.072875000000000000e+03	2.072874999999999801e+00	nan	3.257150641953288073e-02	2.729770455068361024e-01	4.165002386045836280e-01
nan	2.066437500000000000e+03	2.066437500000000149e+00	nan	3.306622356871713464e-02	2.664617681770043989e-01	4.333301731926947342e-01
nan	2.047062500000000000e+03	2.047062500000000007e+00	nan	3.369713723571798880e-02	2.603739672638117897e-01	4.473443193828440800e-01
nan	2.003562500000000000e+03	2.003562500000000135e+00	nan	3.415072780179428946e-02	2.508962115362691758e-01	4.449295913969739669e-01
nan	2.023250000000000000e+03	2.023249999999999993e+00	nan	3.470936664247048498e-02	2.812224133584358410e-01	4.368865198078725198e-01
nan	1.971937500000000000e+03	1.971937500000000121e+00	nan	3.460832031641558615e-02	2.516738316810513965e-01	4.033416256929034382e-01
nan	1.944187500000000000e+03	1.944187499999999957e+00	nan	3.584073531249210021e-02	2.717921789359080131e-01	4.513435545019210404e-01
nan	1.918000000000000000e+03	1.917999999999999927e+00	nan	3.586206834372163144e-02	2.688552350208118780e-01	4.123412908643607766e-01
nan	1.852687500000000000e+03	1.852687500000000043e+00	nan	3.610457817339529640e-02	2.599083978603623502e-01	4.362313873340744053e-01
nan	1.796437500000000000e+03	1.796437500000000131e+00	nan	3.726123815426696240e-02	2.573211582134767861e-01	4.084230151615984017e-01
nan	1.772437500000000000e+03	1.772437500000000110e+00	nan	3.723630322884474708e-02	2.748282462811644788e-01	4.169456132961519845e-01
nan	1.726687500000000000e+03	1.726687499999999931e+00	nan	3.817156111987429767e-02	2.659066758489622151e-01	4.193709897667637354e-01
nan	1.672500000000000000e+03	1.672499999999999876e+00	nan	3.811147220861066387e-02	2.681788442334291922e-01	4.030650524575553062e-01
nan	1.606125000000000000e+03	1.606125000000000025e+00	nan	3.893600701056065816e-02	2.611903718387937334e-01	3.968470198569216123e-01
nan	1.560812500000000000e+03	1.560812499999999936e+00	nan	3.765718750034352524e-02	2.704346947426476411e-01	3.973118020904461423e-01
nan	1.500000000000000000e+03	1.500000000000000000e+00	nan	4.019389365278058790e-02	2.774302908611433471e-01	4.116160927743561793e-01
nan	1.430125000000000000e+03	1.430124999999999869e+00	nan	4.053703037778255691e-02	2.583949000949782304e-01	3.613180966909150249e-01
nan	1.347250000000000000e+03	1.347249999999999837e+00	nan	4.089118949702630346e-02	2.720098104727975974e-01	3.943238631584554676e-01
nan	1.272687500000000000e+03	1.272687500000000194e+00	nan	4.146613359789164122e-02	2.702580668292016153e-01	3.936623247057079444e-01
nan	1.196187500000000000e+03	1.196187500000000181e+00	nan	4.159869617594758040e-02	2.661596265933398597e-01	3.842698031460944907e-01
nan	1.109687500000000000e+03	1.109687500000000160e+00	nan	4.153416584412461532e-02	2.767310730443116040e-01	3.717594418272255341e-01
nan	1.035437500000000000e+03	1.035437500000000011e+00	nan	4.292332810337562421e-02	2.596493043329986539e-01	3.738864596318014488e-01
nan	9.460000000000000000e+02	9.459999999999999520e-01	nan	4.322889995145118291e-02	2.534813777666898860e-01	3.872355862652924197e-01
nan	8.607500000000000000e+02	8.607500000000000151e-01	nan	4.301601631689599969e-02	2.484325188413830654e-01	3.587461283792945377e-01
nan	7.698125000000000000e+02	7.698124999999998996e-01	nan	3.845374216716734850e-02	2.543567559196857064e-01	3.618534123868049068e-01
nan	7.075625000000000000e+02	7.075625000000000941e-01	nan	4.428946150999557574e-02	2.591194500514861776e-01	3.541019871325935542e-01
nan	6.156875000000000000e+02	6.156875000000000542e-01	nan	4.469323534290658984e-02	2.657860150912975672e-01	3.456866911878885285e-01
nan	5.368125000000000000e+02	5.368125000000000258e-01	nan	4.406208139409351077e-02	2.579272871007955992e-01	3.565789952174127642e-01
nan	4.508125000000000000e+02	4.508125000000000604e-01	nan	4.577360765975058143e-02	2.677083098126376570e-01	3.522763566716263783e-01
nan	3.725000000000000000e+02	3.725000000000000533e-01	nan	4.521168044920642615e-02	2.389822223902960119e-01	3.488753922998514279e-01
nan	3.036250000000000000e+02	3.036249999999999782e-01	nan	4.656091318012123281e-02	2.466414230218494374e-01	3.582664552434845495e-01
nan	2.430625000000000000e+02	2.430625000000000147e-01	nan	4.596973467549680947e-02	2.484263414106371581e-01	3.263748734071773017e-01
nan	1.863125000000000000e+02	1.863125000000000198e-01	nan	3.811317912874320063e-02	2.118654436846179601e-01	3.436124442483617925e-01
nan	1.341250000000000000e+02	1.341249999999999942e-01	nan	4.287562160204139161e-02	2.782526200647332804e-01	3.453721144288024458e-01
nan	9.331250000000000000e+01	9.331249999999999267e-02	nan	4.628810002065542051e-02	2.271483168548730502e-01	2.563588491804994485e-01
nan	5.606250000000000000e+01	5.606250000000000122e-02	nan	3.425039616632652439e-02	2.148992772486729708e-01	2.245043619938325019e-01
nan	3.331250000000000000e+01	3.331250000000000183e-02	nan	4.062103436008790425e-02	2.130005840775368031e-01	1.730188885975557644e-01
nan	1.650000000000000000e+01	1.650000000000000078e-02	nan	3.416542447720229830e-02	3.054058434994043059e-01	2.148381459929743498e-01
nan	7.125000000000000000e+00	7.125000000000000257e-03	nan	3.148052019056030854e-02	3.520878172941506179e-01	2.030717121659235680e-01
nan	3.937500000000000000e+00	3.937500000000000028e-03	nan	3.481079177739183211e-02	2.772418000038215924e-01	1.533139202009825564e-01
nan	1.312500000000000000e+00	1.312500000000000082e-03	nan	1.825527873127830158e-02	2.468235690177900399e-01	1.097792582632973746e-01
nan	nan	nan	nan	nan	nan	nan
nan	nan	nan	nan	nan	nan	nan
nan	0.000000000000000000e+00	0.000000000000000000e+00	0.000000000000000000e+00	0.000000000000000000e+00	0.000000000000000000e+00	0.000000000000000000e+00
nan	0.000000000000000000e+00	0.000000000000000000e+00	0.000000000000000000e+00	0.000000000000000000e+00	0.000000000000000000e+00	0.000000000000000000e+00
nan	0.000000000000000000e+00	0.000000000000000000e+00	0.000000000000000000e+00	0.000000000000000000e+00	0.000000000000000000e+00	0.000000000000000000e+00
nan	0.000000000000000000e+00	0.000000000000000000e+00	0.000000000000000000e+00	0.000000000000000000e+00	0.000000000000000000e+00	0.000000000000000000e+00
nan	0.000000000000000000e+00	0.000000000000000000e+00	0.000000000000000000e+00	0.000000000000000000e+00	0.000000000000000000e+00	0.000000000000000000e+00
nan	0.000000000000000000e+00	0.000000000000000000e+00	0.000000000000000000e+00	0.000000000000000000e+00	0.000000000000000000e+00	0.000000000000000000e+00
nan	0.000000000000000000e+00	0.000000000000000000e+00	0.000000000000000000e+00	0.000000000000000000e+00	0.000000000000000000e+00	0.000000000000000000e+00
nan	0.000000000000000000e+00	0.000000000000000000e+00	0.000000000000000000e+00	0.000000000000000000e+00	0.000000000000000000e+00	0.000000000000000000e+00
nan	0.000000000000000000e+00	0.000000000000000000e+00	0.000000000000000000e+00	0.000000000000000000e+00	0.000000000000000000e+00	0.000000000000000000e+00
nan	0.000000000000000000e+00	0.000000000000000000e+00	0.000000000000000000e+00	0.000000000000000000e+00	0.000000000000000000e+00	0.000000000000000000e+00
nan	0.000000000000000000e+00	0.000000000000000000e+00	0.000000000000000000e+00	0.000000000000000000e+00	0.000000000000000000e+00	0.000000000000000000e+00
nan	0.000000000000000000e+00	0.000000000000000000e+00	0.000000000000000000e+00	0.000000000000000000e+00	0.000000000000000000e+00	0.000000000000000000e+00
nan	0.000000000000000000e+00	0.000000000000000000e+00	0.000000000000000000e+00	0.000000000000000000e+00	0.000000000000000000e+00	0.000000000000000000e+00
nan	0.000000000000000000e+00	0.000000000000000000e+00	0.000000000000000000e+00	0.000000000000000000e+00	0.000000000000000000e+00	0.000000000000000000e+00
nan	0.000000000000000000e+00	0.000000000000000000e+00	0.000000000000000000e+00	0.000000000000000000e+00	0.000000000000000000e+00	0.000000000000000000e+00
nan	0.000000000000000000e+00	0.000000000000000000e+00	0.000000000000000000e+00	0.000000000000000000e+00	0.000000000000000000e+00	0.000000000000000000e+00
nan	0.000000000000000000e+00	0.000000000000000000e+00	0.000000000000000000e+00	0.000000000000000000e+00	0.000000000000000000e+00	0.000000000000000000e+00
nan	0.000000000000000000e+00	0.000000000000000000e+00	0.000000000000000000e+00	0.000000000000000000e+00	0.000000000000000000e+00	0.000000000000000000e+00
nan	0.000000000000000000e+00	0.000000000000000000e+00	0.000000000000000000e+00	0.000000000000000000e+00	0.000000000000000000e+00	0.000000000000000000e+00
nan	0.000000000000000000e+00	0.000000000000000000e+00	0.000000000000000000e+00	0.000000000000000000e+00	0.000000000000000000e+00	0.000000000000000000e+00
nan	0.000000000000000000e+00	0.000000000000000000e+00	0.000000000000000000e+00	0.000000000000000000e+00	0.000000000000000000e+00	0.000000000000000000e+00
nan	0.000000000000000000e+00	0.000000000000000000e+00	0.000000000000000000e+00	0.000000000000000000e+00	0.000000000000000000e+00	0.000000000000000000e+00
nan	0.000000000000000000e+00	0.000000000000000000e+00	0.000000000000000000e+00	0.000000000000000000e+00	0.000000000000000000e+00	0.000000000000000000e+00
nan	0.000000000000000000e+00	0.000000000000000000e+00	0.000000000000000000e+00	0.000000000000000000e+00	0.000000000000000000e+00	0.000000000000000000e+00
nan	0.000000000000000000e+00	0.000000000000000000e+00	0.000000000000000000e+00	0.000000000000000000e+00	0.000000000000000000e+00	0.000000000000000000e+00
nan	0.000000000000000000e+00	0.000000000000000000e+00	0.000000000000000000e+00	0.000000000000000000e+00	0.000000000000000000e+00	0.000000000000000000e+00
nan	0.000000000000000000e+00	0.000000000000000000e+00	0.000000000000000000e+00	0.000000000000000000e+00	0.000000000000000000e+00	0.000000000000000000e+00
nan	0.000000000000000000e+00	0.000000000000000000e+00	0.000000000000000000e+00	0.000000000000000000e+00	0.000000000000000000e+00	0.000000000000000000e+00
nan	0.000000000000000000e+00	0.000000000000000000e+00	0.000000000000000000e+00	0.000000000000000000e+00	0.000000000000000000e+00	0.000000000000000000e+00
nan	0.000000000000000000e+00	0.000000000000000000e+00	0.000000000000000000e+00	0.000000000000000000e+00	0.000000000000000000e+00	0.000000000000000000e+00
nan	0.000000000000000000e+00	0.000000000000000000e+00	0.000000000000000000e+00	0.000000000000000000e+00	0.000000000000000000e+00	0.000000000000000000e+00
nan	0.000000000000000000e+00	0.000000000000000000e+00	0.000000000000000000e+00	0.000000000000000000e+00	0.000000000000000000e+00	0.000000000000000000e+00
nan	0.000000000000000000e+00	0.000000000000000000e+00	0.000000000000000000e+00	0.000000000000000000e+00	0.000000000000000000e+00	0.000000000000000000e+00
nan	0.000000000000000000e+00	0.000000000000000000e+00	0.000000000000000000e+00	0.000000000000000000e+00	0.000000000000000000e+00	0.000000000000000000e+00
nan	0.000000000000000000e+00	0.000000000000000000e+00	0.000000000000000000e+00	0.000000000000000000e+00	0.000000000000000000e+00	0.000000000000000000e+00
nan	0.000000000000000000e+00	0.000000000000000000e+00	0.000000000000000000e+00	0.000000000000000000e+00	0.000000000000000000e+00	0.000000000000000000e+00
nan	0.000000000000000000e+00	0.000000000000000000e+00	0.000000000000000000e+00	0.000000000000000000e+00	0.000000000000000000e+00	0.000000000000000000e+00
nan	0.000000000000000000e+00	0.000000000000000000e+00	0.000000000000000000e+00	0.000000000000000000e+00	0.000000000000000000e+00	0.000000000000000000e+00
nan	0.000000000000000000e+00	0.000000000000000000e+00	0.000000000000000000e+00	0.000000000000000000e+00	0.000000000000000000e+00	0.000000000000000000e+00
nan	0.000000000000000000e+00	0.000000000000000000e+00	0.000000000000000000e+00	0.000000000000000000e+00	0.000000000000000000e+00	0.000000000000000000e+00
nan	0.000000000000000000e+00	0.000000000000000000e+00	0.000000000000000000e+00	0.000000000000000000e+00	0.000000000000000000e+00	0.000000000000000000e+00
nan	0.000000000000000000e+00	0.000000000000000000e+00	0.000000000000000000e+00	0.000000000000000000e+00	0.000000000000000000e+00	0.000000000000000000e+00
nan	0.000000000000000000e+00	0.000000000000000000e+00	0.000000000000000000e+00	0.000000000000000000e+00	0.000000000000000000e+00	0.000000000000000000e+00
nan	nan	nan	nan	nan	nan	nan
nan	3.256250000000000000e+01	3.256250000000000117e-02	nan	2.018841789789949104e-02	2.525761381816513662e-01	4.746335370531284958e-02
nan	3.049375000000000000e+02	3.049375000000000280e-01	nan	2.375903014158975424e-02	2.551347992357812511e-01	1.067585461234639155e-01
nan	9.660000000000000000e+02	9.659999999999999698e-01	nan	2.471777871469349463e-02	2.433070153047396655e-01	2.612740384223674051e-01
nan	1.652437500000000000e+03	1.652437500000000226e+00	nan	2.490998997481863597e-02	2.518119600070800046e-01	4.758655816005594730e-01
nan	1.966562500000000000e+03	1.966562500000000213e+00	nan	2.564217871191232234e-02	2.651932086712078251e-01	5.087726636795720792e-01
nan	2.040000000000000000e+03	2.040000000000000036e+00	nan	2.626071845051036746e-02	2.481445289928863318e-01	5.047228886050532104e-01
nan	2.071187500000000000e+03	2.071187499999999737e+00	nan	2.660938984195837520e-02	2.502195147039685263e-01	5.084326778284440351e-01
nan	2.053750000000000000e+03	2.053749999999999964e+00	nan	2.717812443317146887e-02	2.580184980001327677e-01	4.797981818185069747e-01
nan	2.051375000000000000e+03	2.051375000000000171e+00	nan	2.772156689295091070e-02	2.681070161962603171e-01	4.685167470249436139e-01
nan	2.035000000000000000e+03	2.035000000000000142e+00	nan	2.815816679014560009e-02	2.555148566690497169e-01	4.977513766916094040e-01
nan	2.036000000000000000e+03	2.036000000000000032e+00	nan	2.869293950879114874e-02	2.611393585054001543e-01	4.800958915285711837e-01
nan	2.023437500000000000e+03	2.023437500000000000e+00	nan	2.896710717475770025e-02	2.609474374877383540e-01	4.658351353027734842e-01
nan	2.004312500000000000e+03	2.004312500000000163e+00	nan	2.974142454642336730e-02	2.701698964120728963e-01	4.592889139928426623e-01
nan	2.021187500000000000e+03	2.021187499999999915e+00	nan	3.021339578796133907e-02	2.515453849013443710e-01	4.897639936909792269e-01
nan	1.996500000000000000e+03	1.996500000000000163e+00	nan	3.046056540453712103e-02	2.421401007838428765e-01	4.688311281206233305e-01
nan	1.991250000000000000e+03	1.991249999999999742e+00	nan	3.126205538572257581e-02	2.601570910970479877e-01	4.800200802587172300e-01
nan	1.992562500000000000e+03	1.992562500000000458e+00	nan	3.172066138196250051e-02	2.644585027629976492e-01	4.641281363747310484e-01
nan	2.006937500000000000e+03	2.006937499999999819e+00	nan	3.160493718779555650e-02	2.702018640629820778e-01	4.490420947136827823e-01
nan	1.993187500000000000e+03	1.993187500000000334e+00	nan	3.247884525779198839e-02	2.581082547195915344e-01	4.789537414484953959e-01
nan	1.985875000000000000e+03	1.985875000000000057e+00	nan	3.285060709996834305e-02	2.741361168483144040e-01	4.535805822272741539e-01
nan	1.978750000000000000e+03	1.978750000000000009e+00	nan	3.378275683579268218e-02	2.593090312257280705e-01	4.363576274645247777e-01
nan	1.939062500000000000e+03	1.939062500000000133e+00	nan	3.397516656000654223e-02	2.615793055486299035e-01	4.537026631582835035e-01
nan	1.938125000000000000e+03	1.938125000000000098e+00	nan	3.478933718738375092e-02	2.694169442517167501e-01	4.332649245449858855e-01
nan	1.939125000000000000e+03	1.939124999999999988e+00	nan	3.490396088655067786e-02	2.492997089985748427e-01	4.293618347666312562e-01
nan	1.889937500000000000e+03	1.889937500000000048e+00	nan	3.488499785014553822e-02	2.614655263249424655e-01	4.258103069690643006e-01
nan	1.857187500000000000e+03	1.857187500000000213e+00	nan	3.570367206793356729e-02	2.589558815904561828e-01	4.362707344287532485e-01
nan	1.796562500000000000e+03	1.796562499999999840e+00	nan	3.610439025872835828e-02	2.576298123939735341e-01	3.985027395884437329e-01
nan	1.774875000000000000e+03	1.774874999999999758e+00	nan	3.682740702263664900e-02	2.581486249970986746e-01	4.138289379686042047e-01
nan	1.709875000000000000e+03	1.709875000000000034e+00	nan	3.769830476672986208e-02	2.535715986530411303e-01	4.044455361512502845e-01
nan	1.677000000000000000e+03	1.677000000000000046e+00	nan	3.821590174307942789e-02	2.582208971048547408e-01	4.041357725379658428e-01
nan	1.626625000000000000e+03	1.626624999999999988e+00	nan	3.822319933588325114e-02	2.624845547545422431e-01	4.161577311012359948e-01
nan	1.564437500000000000e+03	1.564437499999999925e+00	nan	3.898747375836286722e-02	2.748644894272271322e-01	4.064130459507966364e-01
nan	1.518125000000000000e+03	1.518124999999999947e+00	nan	3.919851368847204753e-02	2.640845569609445720e-01	3.910328605408226466e-01
nan	1.445437500000000000e+03	1.445437499999999931e+00	nan	3.892566651527928911e-02	2.727520617423260241e-01	3.751177330873212701e-01
nan	1.376812500000000000e+03	1.376812499999999773e+00	nan	3.997821762945541479e-02	2.692341767998134294e-01	3.783883874816479920e-01
nan	1.315625000000000000e+03	1.315625000000000044e+00	nan	3.977358446981504869e-02	2.581211815208400151e-01	3.903897999454914447e-01
nan	1.234812500000000000e+03	1.234812499999999869e+00	nan	4.143842342400816392e-02	2.563129223549620028e-01	3.885182941701599835e-01
nan	1.160500000000000000e+03	1.160500000000000087e+00	nan	4.121627950090100967e-02	2.640299321921243392e-01	3.931258052528275870e-01
nan	1.058000000000000000e+03	1.057999999999999829e+00	nan	4.244414026780418681e-02	2.713365453126996285e-01	3.781205689812845439e-01
nan	9.900625000000000000e+02	9.900624999999999565e-01	nan	4.188916067441716962e-02	2.681898455149203109e-01	3.923501516378870568e-01
nan	9.164375000000000000e+02	9.164375000000000160e-01	nan	4.335664527312843575e-02	2.464003868777796813e-01	3.764251986769573399e-01
nan	8.253125000000000000e+02	8.253124999999998934e-01	nan	4.240692535104173544e-02	2.527006171496773423e-01	3.306196539138467339e-01
nan	7.532500000000000000e+02	7.532499999999999751e-01	nan	4.375885147579694490e-02	2.589354618633526450e-01	3.860042819297722083e-01
nan	6.795625000000000000e+02	6.795624999999999583e-01	nan	4.304405815934586599e-02	2.492364215215449319e-01	3.551647301031306547e-01
nan	5.966875000000000000e+02	5.966875000000000373e-01	nan	4.550681954470370272e-02	2.567463868235259072e-01	3.608108214232929045e-01
nan	5.185625000000000000e+02	5.185625000000000373e-01	nan	4.487538865143569922e-02	2.509443430398139441e-01	3.590803064941160416e-01
nan	4.397500000000000000e+02	4.397499999999999742e-01	nan	4.484899157870358977e-02	2.586482920119965723e-01	3.355558674361757143e-01
nan	3.605625000000000000e+02	3.605625000000000080e-01	nan	4.707779265849865169e-02	2.648536940752241331e-01	3.473231235797329397e-01
nan	2.925000000000000000e+02	2.924999999999999822e-01	nan	4.397550526361548862e-02	2.478520664656579386e-01	3.576583533080044397e-01
nan	2.286875000000000000e+02	2.286875000000000158e-01	nan	4.629495681261630580e-02	2.435669166231161364e-01	3.272813897218350698e-01
nan	1.805000000000000000e+02	1.804999999999999938e-01	nan	4.077959151162069418e-02	2.600530843202992770e-01	3.388102888844377603e-01
nan	1.369375000000000000e+02	1.369374999999999898e-01	nan	4.635315967918707258e-02	2.623868590453815042e-01	2.906929542787185516e-01
nan	9.787500000000000000e+01	9.787500000000000366e-02	nan	4.139694198696908245e-02	2.677542708299671670e-01	2.595836625780445495e-01
nan	5.900000000000000000e+01	5.900000000000000383e-02	nan	4.260370015295933399e-02	2.095152142688391783e-01	3.009747791087659108e-01
nan	3.331250000000000000e+01	3.331250000000000183e-02	nan	4.471567395569898962e-02	2.080656689449098540e-01	1.498250773615127374e-01
nan	1.787500000000000000e+01	1.787500000000000200e-02	nan	3.449326531526978462e-02	3.112093977047115656e-01	2.239947611320856069e-01
nan	8.750000000000000000e+00	8.750000000000000833e-03	nan	3.481379951294340247e-02	2.729740253103485337e-01	1.881280635356583075e-01
nan	3.062500000000000000e+00	3.062499999999999684e-03	nan	3.360121937451753665e-02	3.514754415044094027e-01	1.286205368371567404e-01
nan	1.437500000000000000e+00	1.437500000000000193e-03	nan	2.375082962004614745e-02	2.389347376087418984e-01	1.275259237073538277e-01
nan	nan	nan	nan	nan	nan	nan
nan	0.000000000000000000e+00	0.000000000000000000e+00	0.000000000000000000e+00	0.000000000000000000e+00	0.000000000000000000e+00	0.000000000000000000e+00
nan	0.000000000000000000e+00	0.000000000000000000e+00	0.000000000000000000e+00	0.000000000000000000e+00	0.000000000000000000e+00	0.000000000000000000e+00
nan	0.000000000000000000e+00	0.000000000000000000e+00	0.000000000000000000e+00	0.000000000000000000e+00	0.000000000000000000e+00	0.000000000000000000e+00
nan	0.000000000000000000e+00	0.000000000000000000e+00	0.000000000000000000e+00	0.000000000000000000e+00	0.000000000000000000e+00	0.000000000000000000e+00
nan	0.000000000000000000e+00	0.000000000000000000e+00	0.000000000000000000e+00	0.000000000000000000e+00	0.000000000000000000e+00	0.000000000000000000e+00
nan	0.000000000000000000e+00	0.000000000000000000e+00	0.000000000000000000e+00	0.000000000000000000e+00	0.000000000000000000e+00	0.000000000000000000e+00
nan	0.000000000000000000e+00	0.000000000000000000e+00	0.000000000000000000e+00	0.000000000000000000e+00	0.000000000000000000e+00	0.000000000000000000e+00
nan	0.000000000000000000e+00	0.000000000000000000e+00	0.000000000000000000e+00	0.000000000000000000e+00	0.000000000000000000e+00	0.000000000000000000e+00
nan	0.000000000000000000e+00	0.000000000000000000e+00	0.000000000000000000e+00	0.000000000000000000e+00	0.000000000000000000e+00	0.000000000000000000e+00
nan	0.000000000000000000e+00	0.000000000000000000e+00	0.000000000000000000e+00	0.000000000000000000e+00	0.000000000000000000e+00	0.000000000000000000e+00
nan	0.000000000000000000e+00	0.000000000000000000e+00	0.000000000000000000e+00	0.000000000000000000e+00	0.000000000000000000e+00	0.000000000000000000e+00
nan	0.000000000000000000e+00	0.000000000000000000e+00	0.000000000000000000e+00	0.000000000000000000e+00	0.000000000000000000e+00	0.000000000000000000e+00
nan	0.000000000000000000e+00	0.000000000000000000e+00	0.000000000000000000e+00	0.000000000000000000e+00	0.000000000000000000e+00	0.000000000000000000e+00
nan	0.000000000000000000e+00	0.000000000000000000e+00	0.000000000000000000e+00	0.000000000000000000e+00	0.000000000000000000e+00	0.000000000000000000e+00
nan	0.000000000000000000e+00	0.000000000000000000e+00	0.000000000000000000e+00	0.000000000000000000e+00	0.000000000000000000e+00	0.000000000000000000e+00
nan	0.000000000000000000e+00	0.000000000000000000e+00	0.000000000000000000e+00	0.000000000000000000e+00	0.000000000000000000e+00	0.000000000000000000e+00
nan	0.000000000000000000e+00	0.000000000000000000e+00	0.000000000000000000e+00	0.000000000000000000e+00	0.000000000000000000e+00	0.000000000000000000e+00
nan	0.000000000000000000e+00	0.000000000000000000e+00	0.000000000000000000e+00	0.000000000000000000e+00	0.000000000000000000e+00	0.000000000000000000e+00
nan	0.000000000000000000e+00	0.000000000000000000e+00	0.000000000000000000e+00	0.000000000000000000e+00	0.000000000000000000e+00	0.000000000000000000e+00
nan	0.000000000000000000e+00	0.000000000000000000e+00	0.000000000000000000e+00	0.000000000000000000e+00	0.000000000000000000e+00	0.000000000000000000e+00
nan	0.000000000000000000e+00	0.000000000000000000e+00	0.000000000000000000e+00	0.000000000000000000e+00	0.000000000000000000e+00	0.000000000000000000e+00
nan	0.000000000000000000e+00	0.000000000000000000e+00	0.000000000000000000e+00	0.000000000000000000e+00	0.000000000000000000e+00	0.000000000000000000e+00
nan	0.000000000000000000e+00	0.000000000000000000e+00	0.000000000000000000e+00	0.000000000000000000e+00	0.000000000000000000e+00	0.000000000000000000e+00
nan	0.000000000000000000e+00	0.000000000000000000e+00	0.000000000000000000e+00	0.000000000000000000e+00	0.000000000000000000e+00	0.000000000000000000e+00
nan	0.000000000000000000e+00	0.000000000000000000e+00	0.000000000000000000e+00	0.000000000000000000e+00	0.000000000000000000e+00	0.000000000000000000e+00
nan	0.000000000000000000e+00	0.000000000000000000e+00	0.000000000000000000e+00	0.000000000000000000e+00	0.000000000000000000e+00	0.000000000000000000e+00
nan	0.000000000000000000e+00	0.000000000000000000e+00	0.000000000000000000e+00	0.000000000000000000e+00	0.000000000000000000e+00	0.000000000000000000e+00
nan	0.000000000000000000e+00	0.000000000000000000e+00	0.000000000000000000e+00	0.000000000000000000e+00	0.000000000000000000e+00	0.000000000000000000e+00
nan	0.000000000000000000e+00	0.000000000000000000e+00	0.000000000000000000e+00	0.000000000000000000e+00	0.000000000000000000e+00	0.000000000000000000e+00
nan	0.000000000000000000e+00	0.000000000000000000e+00	0.000000000000000000e+00	0.000000000000000000e+00	0.000000000000000000e+00	0.000000000000000000e+00
nan	0.000000000000000000e+00	0.000000000000000000e+00	0.000000000000000000e+00	0.000000000000000000e+00	0.000000000000000000e+00	0.000000000000000000e+00
nan	0.000000000000000000e+00	0.000000000000000000e+00	0.000000000000000000e+00	0.000000000000000000e+00	0.000000000000000000e+00	0.000000000000000000e+00
nan	0.000000000000000000e+00	0.000000000000000000e+00	0.000000000000000000e+00	0.000000000000000000e+00	0.000000000000000000e+00	0.000000000000000000e+00
nan	0.000000000000000000e+00	0.000000000000000000e+00	0.000000000000000000e+00	0.000000000000000000e+00	0.000000000000000000e+00	0.000000000000000000e+00
nan	0.000000000000000000e+00	0.000000000000000000e+00	0.000000000000000000e+00	0.000000000000000000e+00	0.000000000000000000e+00	0.000000000000000000e+00
nan	0.000000000000000000e+00	0.000000000000000000e+00	0.000000000000000000e+00	0.000000000000000000e+00	0.000000000000000000e+00	0.000000000000000000e+00
nan	0.000000000000000000e+00	0.000000000000000000e+00	0.000000000000000000e+00	0.000000000000000000e+00	0.000000000000000000e+00	0.000000000000000000e+00
nan	0.000000000000000000e+00	0.000000000000000000e+00	0.000000000000000000e+00	0.000000000000000000e+00	0.000000000000000000e+00	0.000000000000000000e+00
nan	0.000000000000000000e+00	0.000000000000000000e+00	0.000000000000000000e+00	0.000000000000000000e+00	0.000000000000000000e+00	0.000000000000000000e+00
nan	0.000000000000000000e+00	0.000000000000000000e+00	0.000000000000000000e+00	0.000000000000000000e+00	0.000000000000000000e+00	0.000000000000000000e+00
nan	0.000000000000000000e+00	0.000000000000000000e+00	0.000000000000000000e+00	0.000000000000000000e+00	0.000000000000000000e+00	0.000000000000000000e+00
nan	0.000000000000000000e+00	0.000000000000000000e+00	0.000000000000000000e+00	0.000000000000000000e+00	0.000000000000000000e+00	0.000000000000000000e+00
nan	0.000000000000000000e+00	0.000000000000000000e+00	0.000000000000000000e+00	0.000000000000000000e+00	0.000000000000000000e+00	0.000000000000000000e+00
nan	nan	nan	nan	nan	nan	nan
nan	3.250000000000000000e+00	3.250000000000000284e-03	nan	1.525502937733196930e-02	2.806913714540830718e-01	2.115060526366753235e-01
nan	3.581250000000000000e+01	3.581249999999999711e-02	nan	1.514952163952809627e-02	2.630054291698539215e-01	5.533693564688413336e-02
nan	2.318125000000000000e+02	2.318125000000000047e-01	nan	2.394226802126286913e-02	2.386007118284240724e-01	1.088209111349048852e-01
nan	7.020625000000000000e+02	7.020625000000000338e-01	nan	2.432494729981993231e-02	2.547586519938065952e-01	2.477386806074063363e-01
nan	1.199500000000000000e+03	1.199500000000000011e+00	nan	2.535384859266365254e-02	2.647421976614322547e-01	4.697738256089423192e-01
nan	1.416187500000000000e+03	1.416187499999999932e+00	nan	2.585271604556282909e-02	2.707084262992466295e-01	5.392414853210228953e-01
nan	1.516625000000000000e+03	1.516625000000000112e+00	nan	2.601099271973783544e-02	2.478147754488252974e-01	5.222154835651036109e-01
nan	1.516687500000000000e+03	1.516687500000000188e+00	nan	2.588412844718668282e-02	2.662258227320595250e-01	5.510363792845723863e-01
nan	1.516437500000000000e+03	1.516437499999999883e+00	nan	2.704904994198731316e-02	2.721810086174822341e-01	4.888419549572188272e-01
nan	1.501687500000000000e+03	1.501687500000000064e+00	nan	2.781500821975591009e-02	2.648114533962258599e-01	4.751626336430998521e-01
nan	1.509312500000000000e+03	1.509312500000000057e+00	nan	2.805164777962598777e-02	2.538036049688019435e-01	5.187087959351392996e-01
nan	1.500500000000000000e+03	1.500499999999999945e+00	nan	2.864618928483331217e-02	2.468688912111911826e-01	4.683533271973311929e-01
nan	1.489937500000000000e+03	1.489937500000000137e+00	nan	2.928828334056987615e-02	2.633858664922834047e-01	4.808181202036746482e-01
nan	1.488000000000000000e+03	1.487999999999999989e+00	nan	2.968456661476892577e-02	2.714618452871440102e-01	4.562304963784229450e-01
nan	1.487000000000000000e+03	1.486999999999999877e+00	nan	3.015174753405780450e-02	2.701460358627993941e-01	4.654976952881296204e-01
nan	1.501500000000000000e+03	1.501500000000000057e+00	nan	3.071743931388581927e-02	2.598004936503693907e-01	4.531442745970096775e-01
nan	1.480437500000000000e+03	1.480437500000000073e+00	nan	3.074886812228072586e-02	2.631625061492862128e-01	4.646105267255822846e-01
nan	1.484250000000000000e+03	1.484250000000000069e+00	nan	3.177415000386130117e-02	2.674856353730772351e-01	4.627941333636539367e-01
nan	1.499250000000000000e+03	1.499249999999999972e+00	nan	3.202165952571078833e-02	2.600893244767501500e-01	4.516922932529702228e-01
nan	1.478062500000000000e+03	1.478062500000000279e+00	nan	3.211157432795452848e-02	2.508219119637939420e-01	4.597148082984785500e-01
nan	1.461687500000000000e+03	1.461687500000000028e+00	nan	3.255298394634209558e-02	2.657637877838302520e-01	4.618300798617755998e-01
nan	1.457500000000000000e+03	1.457500000000000018e+00	nan	3.345688878770936014e-02	2.727769050353158753e-01	4.521982065188514532e-01
nan	1.444812500000000000e+03	1.444812499999999833e+00	nan	3.408900339672982227e-02	2.594117112695261129e-01	4.530731539605379332e-01
nan	1.444125000000000000e+03	1.444124999999999881e+00	nan	3.470104181020339240e-02	2.621129573884746766e-01	4.392132576391798437e-01
nan	1.409625000000000000e+03	1.409624999999999906e+00	nan	3.497494886064167474e-02	2.548511227834109882e-01	4.174433447500201511e-01
nan	1.406937500000000000e+03	1.406937499999999952e+00	nan	3.529582968942435173e-02	2.729470077238664860e-01	4.357546453272275189e-01
nan	1.365812500000000000e+03	1.365812500000000096e+00	nan	3.551367398847027346e-02	2.600412259664357517e-01	4.270701164557726970e-01
nan	1.334562500000000000e+03	1.334562499999999874e+00	nan	3.591723238904620530e-02	2.488357095509679817e-01	4.247831197713896612e-01
nan	1.311187500000000000e+03	1.311187499999999950e+00	nan	3.658352803024023103e-02	2.616224447409073450e-01	4.302042278393929386e-01
nan	1.275000000000000000e+03	1.275000000000000133e+00	nan	3.736597009036835004e-02	2.659244477367564974e-01	4.057033933039647655e-01
nan	1.242625000000000000e+03	1.242624999999999869e+00	nan	3.805503245239805210e-02	2.713420787709582838e-01	4.061910396354467268e-01
nan	1.192750000000000000e+03	1.192749999999999755e+00	nan	3.743225104609138043e-02	2.674802710748022672e-01	4.035710694442531943e-01
nan	1.148312500000000000e+03	1.148312500000000069e+00	nan	3.918250038768711363e-02	2.696914057196577175e-01	4.212886596169173048e-01
nan	1.117250000000000000e+03	1.117250000000000076e+00	nan	3.776685975460480904e-02	2.614474531849120265e-01	3.866188752488896596e-01
nan	1.076062500000000000e+03	1.076062499999999922e+00	nan	4.012214938615343840e-02	2.605150399811428930e-01	3.893002699977267667e-01
nan	1.021875000000000000e+03	1.021874999999999867e+00	nan	4.007899101391743102e-02	2.630910555593632960e-01	3.808133908955714242e-01
nan	9.676250000000000000e+02	9.676250000000000684e-01	nan	4.053702736746345181e-02	2.627035895778719321e-01	3.774742628933532296e-01
nan	9.100000000000000000e+02	9.099999999999999201e-01	nan	4.137021292319076338e-02	2.750218546364059380e-01	4.033874224703075662e-01
nan	8.475000000000000000e+02	8.474999999999999201e-01	nan	4.175578471580365658e-02	2.650465514947191181e-01	3.888433770008073997e-01
nan	7.951250000000000000e+02	7.951250000000000817e-01	nan	4.163704593517714159e-02	2.585284956166594705e-01	3.794888429245226180e-01
nan	7.438125000000000000e+02	7.438124999999999876e-01	nan	4.231191570280401493e-02	2.521174663916970760e-01	3.591924428282641246e-01
nan	6.640000000000000000e+02	6.640000000000000346e-01	nan	3.845040262766197259e-02	2.538225015052436584e-01	3.747044336322539193e-01
nan	6.144375000000000000e+02	6.144374999999999698e-01	nan	4.349093996181174759e-02	2.587360955875604995e-01	3.712940029622332494e-01
nan	5.495000000000000000e+02	5.494999999999999885e-01	nan	4.285970965390895060e-02	2.488066472809623841e-01	3.594354433098194690e-01
nan	5.091250000000000000e+02	5.091250000000000497e-01	nan	4.171066301552350808e-02	2.640047120583194906e-01	3.581243652717069903e-01
nan	4.418125000000000000e+02	4.418124999999999414e-01	nan	4.483338170000195078e-02	2.660391802457932053e-01	3.589487248027680710e-01
nan	3.871250000000000000e+02	3.871250000000000524e-01	nan	4.415957276511051077e-02	2.720371496292984248e-01	3.648665350052844314e-01
nan	3.183750000000000000e+02	3.183749999999999636e-01	nan	4.550486661923081044e-02	2.257316484556448066e-01	3.563448299243665573e-01
nan	2.649375000000000000e+02	2.649374999999999925e-01	nan	4.186149295498609035e-02	2.554024627418318705e-01	3.574726782439671124e-01
nan	2.141250000000000000e+02	2.141249999999999820e-01	nan	4.062430766043334529e-02	2.455442408110643515e-01	3.114005129672310357e-01
nan	1.756250000000000000e+02	1.756250000000000311e-01	nan	4.383927682830623951e-02	2.406903345971230790e-01	3.335424969547853280e-01
nan	1.374375000000000000e+02	1.374374999999999902e-01	nan	4.577544397573518609e-02	2.142107719122991472e-01	3.189135357664839576e-01
nan	9.725000000000000000e+01	9.725000000000000311e-02	nan	4.488420899103040540e-02	2.494431102683085377e-01	3.394130929041176969e-01
nan	7.037500000000000000e+01	7.037499999999999312e-02	nan	4.201976460421086301e-02	2.192862101218626680e-01	3.664123282045173013e-01
nan	4.631250000000000000e+01	4.631249999999999256e-02	nan	4.427149828083898342e-02	2.333807875600898418e-01	2.768029330315593395e-01
nan	2.381250000000000000e+01	2.381250000000000033e-02	nan	3.547094623341547071e-02	2.137461403929856452e-01	2.033105414577623948e-01
nan	1.175000000000000000e+01	1.175000000000000003e-02	nan	3.393812233889190177e-02	3.024123147513375631e-01	2.468468664880277552e-01
nan	5.312500000000000000e+00	5.312500000000000382e-03	nan	3.550271108946461557e-02	3.189264306847011121e-01	2.169923047067042199e-01
nan	1.687500000000000000e+00	1.687499999999999981e-03	nan	2.861416133760625799e-02	2.376601145708794882e-01	1.484588240298516937e-01
nan	8.750000000000000000e-01	8.749999999999999098e-04	nan	1.816125594514175073e-02	2.611120653301494121e-01	1.747295281877033757e-01
nan	nan	nan	nan	nan	nan	nan
nan	nan	nan	nan	nan	nan	nan
nan	0.000000000000000000e+00	0.000000000000000000e+00	0.000000000000000000e+00	0.000000000000000000e+00	0.000000000000000000e+00	0.000000000000000000e+00
nan	0.000000000000000000e+00	0.000000000000000000e+00	0.000000000000000000e+00	0.000000000000000000e+00	0.000000000000000000e+00	0.000000000000000000e+00
nan	0.000000000000000000e+00	0.000000000000000000e+00	0.000000000000000000e+00	0.000000000000000000e+00	0.000000000000000000e+00	0.000000000000000000e+00
nan	0.000000000000000000e+00	0.000000000000000000e+00	0.000000000000000000e+00	0.000000000000000000e+00	0.000000000000000000e+00	0.000000000000000000e+00
nan	0.000000000000000000e+00	0.000000000000000000e+00	0.000000000000000000e+00	0.000000000000000000e+00	0.000000000000000000e+00	0.000000000000000000e+00
nan	0.000000000000000000e+00	0.000000000000000000e+00	0.000000000000000000e+00	0.000000000000000000e+00	0.000000000000000000e+00	0.000000000000000000e+00
nan	0.000000000000000000e+00	0.000000000000000000e+00	0.000000000000000000e+00	0.000000000000000000e+00	0.000000000000000000e+00	0.000000000000000000e+00
nan	0.000000000000000000e+00	0.000000000000000000e+00	0.000000000000000000e+00	0.000000000000000000e+00	0.000000000000000000e+00	0.000000000000000000e+00
nan	0.000000000000000000e+00	0.000000000000000000e+00	0.000000000000000000e+00	0.000000000000000000e+00	0.000000000000000000e+00	0.000000000000000000e+00
nan	0.000000000000000000e+00	0.000000000000000000e+00	0.000000000000000000e+00	0.000000000000000000e+00	0.000000000000000000e+00	0.000000000000000000e+00
nan	0.000000000000000000e+00	0.000000000000000000e+00	0.000000000000000000e+00	0.000000000000000000e+00	0.000000000000000000e+00	0.000000000000000000e+00
nan	0.000000000000000000e+00	0.000000000000000000e+00	0.000000000000000000e+00	0.000000000000000000e+00	0.000000000000000000e+00	0.000000000000000000e+00
nan	0.000000000000000000e+00	0.000000000000000000e+00	0.000000000000000000e+00	0.000000000000000000e+00	0.000000000000000000e+00	0.000000000000000000e+00
nan	0.000000000000000000e+00	0.000000000000000000e+00	0.000000000000000000e+00	0.000000000000000000e+00	0.000000000000000000e+00	0.000000000000000000e+00
nan	0.000000000000000000e+00	0.000000000000000000e+00	0.000000000000000000e+00	0.000000000000000000e+00	0.000000000000000000e+00	0.000000000000000000e+00
nan	0.000000000000000000e+00	0.000000000000000000e+00	0.000000000000000000e+00	0.000000000000000000e+00	0.000000000000000000e+00	0.000000000000000000e+00
nan	0.000000000000000000e+00	0.000000000000000000e+00	0.000000000000000000e+00	0.000000000000000000e+00	0.000000000000000000e+00	0.000000000000000000e+00
nan	0.000000000000000000e+00	0.000000000000000000e+00	0.000000000000000000e+00	0.000000000000000000e+00	0.000000000000000000e+00	0.000000000000000000e+00
nan	0.000000000000000000e+00	0.000000000000000000e+00	0.000000000000000000e+00	0.000000000000000000e+00	0.000000000000000000e+00	0.000000000000000000e+00
nan	0.000000000000000000e+00	0.000000000000000000e+00	0.000000000000000000e+00	0.000000000000000000e+00	0.000000000000000000e+00	0.000000000000000000e+00
nan	0.000000000000000000e+00	0.000000000000000000e+00	0.000000000000000000e+00	0.000000000000000000e+00	0.000000000000000000e+00	0.000000000000000000e+00
nan	0.000000000000000000e+00	0.000000000000000000e+00	0.000000000000000000e+00	0.000000000000000000e+00	0.000000000000000000e+00	0.000000000000000000e+00
nan	0.000000000000000000e+00	0.000000000000000000e+00	0.000000000000000000e+00	0.000000000000000000e+00	0.000000000000000000e+00	0.000000000000000000e+00
nan	0.000000000000000000e+00	0.000000000000000000e+00	0.000000000000000000e+00	0.000000000000000000e+00	0.000000000000000000e+00	0.000000000000000000e+00
nan	0.000000000000000000e+00	0.000000000000000000e+00	0.000000000000000000e+00	0.000000000000000000e+00	0.000000000000000000e+00	0.000000000000000000e+00
nan	0.000000000000000000e+00	0.000000000000000000e+00	0.000000000000000000e+00	0.000000000000000000e+00	0.000000000000000000e+00	0.000000000000000000e+00
nan	0.000000000000000000e+00	0.000000000000000000e+00	0.000000000000000000e+00	0.000000000000000000e+00	0.000000000000000000e+00	0.000000000000000000e+00
nan	0.000000000000000000e+00	0.000000000000000000e+00	0.000000000000000000e+00	0.000000000000000000e+00	0.000000000000000000e+00	0.000000000000000000e+00
nan	0.000000000000000000e+00	0.000000000000000000e+00	0.000000000000000000e+00	0.000000000000000000e+00	0.000000000000000000e+00	0.000000000000000000e+00
nan	0.000000000000000000e+00	0.000000000000000000e+00	0.000000000000000000e+00	0.000000000000000000e+00	0.000000000000000000e+00	0.000000000000000000e+00
nan	0.000000000000000000e+00	0.000000000000000000e+00	0.000000000000000000e+00	0.000000000000000000e+00	0.000000000000000000e+00	0.000000000000000000e+00
nan	0.000000000000000000e+00	0.000000000000000000e+00	0.000000000000000000e+00	0.000000000000000000e+00	0.000000000000000000e+00	0.000000000000000000e+00
nan	0.000000000000000000e+00	0.000000000000000000e+00	0.000000000000000000e+00	0.000000000000000000e+00	0.000000000000000000e+00	0.000000000000000000e+00
nan	0.000000000000000000e+00	0.000000000000000000e+00	0.000000000000000000e+00	0.000000000000000000e+00	0.000000000000000000e+00	0.000000000000000000e+00
nan	0.000000000000000000e+00	0.000000000000000000e+00	0.000000000000000000e+00	0.000000000000000000e+00	0.000000000000000000e+00	0.000000000000000000e+00
nan	0.000000000000000000e+00	0.000000000000000000e+00	0.000000000000000000e+00	0.000000000000000000e+00	0.000000000000000000e+00	0.000000000000000000e+00
nan	0.000000000000000000e+00	0.000000000000000000e+00	0.000000000000000000e+00	0.000000000000000000e+00	0.000000000000000000e+00	0.000000000000000000e+00
nan	0.000000000000000000e+00	0.000000000000000000e+00	0.000000000000000000e+00	0.000000000000000000e+00	0.000000000000000000e+00	0.000000000000000000e+00
nan	0.000000000000000000e+00	0.000000000000000000e+00	0.000000000000000000e+00	0.000000000000000000e+00	0.000000000000000000e+00	0.000000000000000000e+00
nan	0.000000000000000000e+00	0.000000000000000000e+00	0.000000000000000000e+00	0.000000000000000000e+00	0.000000000000000000e+00	0.000000000000000000e+00
nan	nan	nan	nan	nan	nan	nan
nan	2.125000000000000000e+00	2.125000000000000153e-03	nan	1.739738567389889634e-02	3.034145179320471009e-01	2.488566220821825381e-01
nan	4.562500000000000000e+00	4.562500000000000583e-03	nan	1.567049494495202644e-02	2.973703308826258218e-01	3.705060519320890755e-01
nan	1.093750000000000000e+01	1.093749999999999931e-02	nan	1.557552592482015254e-02	3.105607617317399649e-01	5.603865170766260118e-01
nan	3.450000000000000000e+01	3.450000000000000289e-02	nan	2.100588252856905314e-02	1.718741230015052579e-01	8.978963590979038845e-02
nan	1.339375000000000000e+02	1.339375000000000149e-01	nan	2.279705901981188276e-02	2.770897894704998365e-01	1.322263756824765268e-01
nan	3.376875000000000000e+02	3.376875000000000293e-01	nan	2.441077925634793644e-02	2.719599795296240297e-01	2.501078166669920000e-01
nan	5.460625000000000000e+02	5.460625000000000062e-01	nan	2.418199028311107668e-02	2.597534823295906126e-01	4.818808878696839715e-01
nan	6.335000000000000000e+02	6.335000000000000631e-01	nan	2.446238462207173114e-02	2.607879270794817850e-01	5.386757861412696524e-01
nan	6.815625000000000000e+02	6.815625000000000711e-01	nan	2.563167771646845949e-02	2.595473003234747278e-01	5.560138920986452682e-01
nan	6.946250000000000000e+02	6.946249999999999369e-01	nan	2.618569547245463980e-02	2.550758336221815581e-01	5.203620327203195561e-01
nan	6.956875000000000000e+02	6.956875000000000142e-01	nan	2.697619107980564479e-02	2.525059430349170242e-01	5.645147581682574689e-01
nan	7.023750000000000000e+02	7.023749999999999716e-01	nan	2.711249208867183569e-02	2.694031482543175482e-01	5.274861770697478747e-01
nan	7.045625000000000000e+02	7.045624999999999805e-01	nan	2.782618992448071538e-02	2.608781840774038185e-01	5.312204348039929469e-01
nan	6.871250000000000000e+02	6.871249999999999858e-01	nan	2.789539360425408177e-02	2.367005484630704260e-01	5.057241889247177102e-01
nan	6.800625000000000000e+02	6.800625000000000142e-01	nan	2.857809958305868037e-02	2.581627245444382823e-01	4.795511091398963477e-01
nan	6.825625000000000000e+02	6.825625000000000719e-01	nan	2.953164510403816223e-02	2.529670257870827443e-01	4.869115331250411516e-01
nan	6.865000000000000000e+02	6.865000000000001101e-01	nan	2.732041872499371693e-02	2.523066614130429208e-01	5.231304864103242247e-01
nan	6.907500000000000000e+02	6.907499999999999751e-01	nan	3.040191083957477503e-02	2.618770002468504554e-01	4.689690312957712215e-01
nan	6.881250000000000000e+02	6.881249999999999867e-01	nan	3.097660220819609123e-02	2.528935056333115883e-01	4.458370100450017026e-01
nan	6.823750000000000000e+02	6.823750000000000648e-01	nan	3.152844081400552056e-02	2.621772862588183650e-01	4.571233030850177514e-01
nan	6.865000000000000000e+02	6.865000000000001101e-01	nan	2.980807910198990385e-02	2.616248385589569625e-01	4.678990604330832692e-01
nan	6.857500000000000000e+02	6.857500000000000817e-01	nan	2.899031065594215306e-02	2.438252765984559312e-01	4.772235297867066239e-01
nan	6.811875000000000000e+02	6.811875000000000568e-01	nan	3.282041942456004335e-02	2.643188229445373461e-01	4.774499847238677930e-01
nan	6.792500000000000000e+02	6.792499999999999094e-01	nan	3.351953417698538829e-02	2.554811486193419023e-01	4.497642415144781358e-01
nan	6.608125000000000000e+02	6.608125000000000249e-01	nan	3.325757346041235962e-02	2.551578168766863719e-01	4.791290376721213939e-01
nan	6.683125000000000000e+02	6.683125000000000870e-01	nan	3.391332391819545933e-02	2.623794200763012174e-01	4.603461751524272616e-01
nan	6.628750000000000000e+02	6.628749999999999920e-01	nan	3.483513979622543388e-02	2.705884254598311944e-01	4.399978462639183574e-01
nan	6.568125000000000000e+02	6.568125000000000213e-01	nan	3.548807488943772626e-02	2.627784333801290173e-01	4.059470867752769108e-01
nan	6.311875000000000000e+02	6.311875000000000124e-01	nan	3.580322503811750323e-02	2.488224795681240331e-01	4.105006402264079757e-01
nan	6.195625000000000000e+02	6.195625000000000160e-01	nan	3.283574353044203115e-02	2.571420086475978417e-01	4.231677360674632737e-01
nan	5.902500000000000000e+02	5.902499999999999414e-01	nan	3.023646510584576674e-02	2.509814506789890265e-01	3.821308713907606291e-01
nan	5.960000000000000000e+02	5.959999999999999742e-01	nan	3.681777601313207526e-02	2.550149099183761647e-01	4.599927090341840996e-01
nan	5.824375000000000000e+02	5.824374999999999414e-01	nan	3.801272580774117671e-02	2.597540059727609374e-01	4.254024094089573493e-01
nan	5.546250000000000000e+02	5.546250000000000346e-01	nan	3.705783131268169939e-02	2.493371339937555942e-01	3.990615214821499612e-01
nan	5.298125000000000000e+02	5.298125000000000195e-01	nan	3.873593025770993847e-02	2.529255508276321840e-01	4.101402786515313537e-01
nan	5.191250000000000000e+02	5.191250000000000586e-01	nan	3.617507042021728125e-02	2.669216766488278214e-01	4.114043125505608134e-01
nan	4.896250000000000000e+02	4.896249999999999769e-01	nan	3.465717066948847958e-02	2.423361100639520593e-01	4.477571125931022467e-01
nan	4.797500000000000000e+02	4.797500000000000098e-01	nan	3.974924317408934371e-02	2.728181264167289233e-01	4.286139417554369890e-01
nan	4.505000000000000000e+02	4.505000000000000115e-01	nan	3.984417017926311644e-02	2.692943656121404850e-01	4.180073416747672743e-01
nan	4.190625000000000000e+02	4.190625000000000044e-01	nan	4.110792716018885073e-02	2.545613180983393176e-01	4.314348363754591520e-01
nan	3.974375000000000000e+02	3.974374999999999991e-01	nan	4.131604108331998759e-02	2.588958385690508512e-01	3.858282063071272749e-01
nan	3.685000000000000000e+02	3.684999999999999942e-01	nan	4.241011845919473444e-02	2.527703136746913826e-01	3.746394745942567273e-01
nan	3.431875000000000000e+02	3.431874999999999787e-01	nan	4.196428112589778436e-02	2.515727191462078238e-01	3.443138032534716064e-01
nan	3.120000000000000000e+02	3.119999999999999440e-01	nan	4.328434297474714754e-02	2.574327217049484640e-01	3.962401225127281101e-01
nan	2.896250000000000000e+02	2.896250000000000213e-01	nan	4.203956000642072866e-02	2.620255301360467914e-01	3.381186933764053215e-01
nan	2.625625000000000000e+02	2.625625000000000320e-01	nan	4.273616116999612302e-02	2.431978580425702974e-01	3.394349170056008003e-01
nan	2.361250000000000000e+02	2.361249999999999738e-01	nan	4.027158925725871086e-02	2.302670217836230160e-01	3.456559091272334294e-01
nan	2.046875000000000000e+02	2.046875000000000222e-01	nan	4.004364229739110215e-02	2.531795613427945124e-01	3.763504250632093706e-01
nan	1.764375000000000000e+02	1.764375000000000249e-01	nan	4.433373923160743857e-02	2.552631821238841026e-01	3.242608392105242876e-01
nan	1.505000000000000000e+02	1.504999999999999671e-01	nan	4.314713053679142263e-02	2.733880249775297311e-01	3.461925274628575577e-01
nan	1.231250000000000000e+02	1.231250000000000122e-01	nan	4.270441374156125347e-02	2.351494130499736657e-01	3.707348827280028125e-01
nan	9.937500000000000000e+01	9.937499999999999112e-02	nan	4.538292097218921128e-02	2.244501202044766608e-01	3.374105928260164866e-01
nan	7.625000000000000000e+01	7.624999999999999833e-02	nan	4.392019481258024882e-02	2.432531680204031432e-01	3.387321826995345342e-01
nan	6.318750000000000000e+01	6.318750000000000755e-02	nan	4.080893934996687733e-02	2.476980386782093591e-01	2.734496005634100557e-01
nan	4.300000000000000000e+01	4.300000000000000350e-02	nan	3.638077421704970227e-02	2.469570476740848286e-01	3.451879118697364079e-01
nan	2.887500000000000000e+01	2.887499999999999789e-02	nan	3.200528268416808625e-02	1.877181211494955981e-01	2.783904404317620873e-01
nan	2.025000000000000000e+01	2.025000000000000064e-02	nan	3.410905163991922312e-02	3.009888288985885230e-01	3.143463495454411616e-01
nan	1.150000000000000000e+01	1.149999999999999981e-02	nan	3.382927911513092245e-02	3.185171440610127802e-01	2.983240876997723667e-01
nan	7.000000000000000000e+00	6.999999999999999278e-03	nan	3.386240708006277300e-02	2.957205625784724012e-01	2.340146526226523083e-01
nan	2.562500000000000000e+00	2.562500000000000108e-03	nan	3.174593879606678326e-02	2.422121285339168817e-01	2.192373434399954024e-01
nan	1.750000000000000000e+00	1.750000000000000036e-03	nan	3.338338786252220691e-02	3.337607361338708611e-01	1.867357996017144084e-01
nan	nan	nan	nan	nan	nan	nan
nan	nan	nan	nan	nan	nan	nan
nan	nan	nan	nan	nan	nan	nan
nan	0.000000000000000000e+00	0.000000000000000000e+00	0.000000000000000000e+00	0.000000000000000000e+00	0.000000000000000000e+00	0.000000000000000000e+00
nan	0.000000000000000000e+00	0.000000000000000000e+00	0.000000000000000000e+00	0.000000000000000000e+00	0.000000000000000000e+00	0.000000000000000000e+00
nan	0.000000000000000000e+00	0.000000000000000000e+00	0.000000000000000000e+00	0.000000000000000000e+00	0.000000000000000000e+00	0.000000000000000000e+00
nan	0.000000000000000000e+00	0.000000000000000000e+00	0.000000000000000000e+00	0.000000000000000000e+00	0.000000000000000000e+00	0.000000000000000000e+00
nan	0.000000000000000000e+00	0.000000000000000000e+00	0.000000000000000000e+00	0.000000000000000000e+00	0.000000000000000000e+00	0.000000000000000000e+00
nan	0.000000000000000000e+00	0.000000000000000000e+00	0.000000000000000000e+00	0.000000000000000000e+00	0.000000000000000000e+00	0.000000000000000000e+00
nan	0.000000000000000000e+00	0.000000000000000000e+00	0.000000000000000000e+00	0.000000000000000000e+00	0.000000000000000000e+00	0.000000000000000000e+00
nan	0.000000000000000000e+00	0.000000000000000000e+00	0.000000000000000000e+00	0.000000000000000000e+00	0.000000000000000000e+00	0.000000000000000000e+00
nan	0.000000000000000000e+00	0.000000000000000000e+00	0.000000000000000000e+00	0.000000000000000000e+00	0.000000000000000000e+00	0.000000000000000000e+00
nan	0.000000000000000000e+00	0.000000000000000000e+00	0.000000000000000000e+00	0.000000000000000000e+00	0.000000000000000000e+00	0.000000000000000000e+00
nan	0.000000000000000000e+00	0.000000000000000000e+00	0.000000000000000000e+00	0.000000000000000000e+00	0.000000000000000000e+00	0.000000000000000000e+00
nan	0.000000000000000000e+00	0.000000000000000000e+00	0.000000000000000000e+00	0.000000000000000000e+00	0.000000000000000000e+00	0.000000000000000000e+00
nan	0.000000000000000000e+00	0.000000000000000000e+00	0.000000000000000000e+00	0.000000000000000000e+00	0.000000000000000000e+00	0.000000000000000000e+00
nan	0.000000000000000000e+00	0.000000000000000000e+00	0.000000000000000000e+00	0.000000000000000000e+00	0.000000000000000000e+00	0.000000000000000000e+00
nan	0.000000000000000000e+00	0.000000000000000000e+00	0.000000000000000000e+00	0.000000000000000000e+00	0.000000000000000000e+00	0.000000000000000000e+00
nan	0.000000000000000000e+00	0.000000000000000000e+00	0.000000000000000000e+00	0.000000000000000000e+00	0.000000000000000000e+00	0.000000000000000000e+00
