# SourcePhotonFlux	NumberRaysSurvived	PercentageRaysSurvived	PhotonFlux	Bandwidth	HorizontalFocusFWHM	VerticalFocusFWHM
nan	0.000000000000000000e+00	0.000000000000000000e+00	0.000000000000000000e+00	0.000000000000000000e+00	0.000000000000000000e+00	0.000000000000000000e+00
nan	0.000000000000000000e+00	0.000000000000000000e+00	0.000000000000000000e+00	0.000000000000000000e+00	0.000000000000000000e+00	0.000000000000000000e+00
nan	0.000000000000000000e+00	0.000000000000000000e+00	0.000000000000000000e+00	0.000000000000000000e+00	0.000000000000000000e+00	0.000000000000000000e+00
nan	0.000000000000000000e+00	0.000000000000000000e+00	0.000000000000000000e+00	0.000000000000000000e+00	0.000000000000000000e+00	0.000000000000000000e+00
nan	0.000000000000000000e+00	0.000000000000000000e+00	0.000000000000000000e+00	0.000000000000000000e+00	0.000000000000000000e+00	0.000000000000000000e+00
nan	0.000000000000000000e+00	0.000000000000000000e+00	0.000000000000000000e+00	0.000000000000000000e+00	0.000000000000000000e+00	0.000000000000000000e+00
nan	0.000000000000000000e+00	0.000000000000000000e+00	0.000000000000000000e+00	0.000000000000000000e+00	0.000000000000000000e+00	0.000000000000000000e+00
nan	0.000000000000000000e+00	0.000000000000000000e+00	0.000000000000000000e+00	0.000000000000000000e+00	0.000000000000000000e+00	0.000000000000000000e+00
nan	0.000000000000000000e+00	0.000000000000000000e+00	0.000000000000000000e+00	0.000000000000000000e+00	0.000000000000000000e+00	0.000000000000000000e+00
nan	0.000000000000000000e+00	0.000000000000000000e+00	0.000000000000000000e+00	0.000000000000000000e+00	0.000000000000000000e+00	0.000000000000000000e+00
nan	0.000000000000000000e+00	0.000000000000000000e+00	0.000000000000000000e+00	0.000000000000000000e+00	0.000000000000000000e+00	0.000000000000000000e+00
nan	0.000000000000000000e+00	0.000000000000000000e+00	0.000000000000000000e+00	0.000000000000000000e+00	0.000000000000000000e+00	0.000000000000000000e+00
nan	0.000000000000000000e+00	0.000000000000000000e+00	0.000000000000000000e+00	0.000000000000000000e+00	0.000000000000000000e+00	0.000000000000000000e+00
nan	0.000000000000000000e+00	0.000000000000000000e+00	0.000000000000000000e+00	0.000000000000000000e+00	0.000000000000000000e+00	0.000000000000000000e+00
nan	0.000000000000000000e+00	0.000000000000000000e+00	0.000000000000000000e+00	0.000000000000000000e+00	0.000000000000000000e+00	0.000000000000000000e+00
nan	0.000000000000000000e+00	0.000000000000000000e+00	0.000000000000000000e+00	0.000000000000000000e+00	0.000000000000000000e+00	0.000000000000000000e+00
nan	0.000000000000000000e+00	0.000000000000000000e+00	0.000000000000000000e+00	0.000000000000000000e+00	0.000000000000000000e+00	0.000000000000000000e+00
nan	0.000000000000000000e+00	0.000000000000000000e+00	0.000000000000000000e+00	0.000000000000000000e+00	0.000000000000000000e+00	0.000000000000000000e+00
nan	0.000000000000000000e+00	0.000000000000000000e+00	0.000000000000000000e+00	0.000000000000000000e+00	0.000000000000000000e+00	0.000000000000000000e+00
nan	0.000000000000000000e+00	0.000000000000000000e+00	0.000000000000000000e+00	0.000000000000000000e+00	0.000000000000000000e+00	0.000000000000000000e+00
nan	0.000000000000000000e+00	0.000000000000000000e+00	0.000000000000000000e+00	0.000000000000000000e+00	0.000000000000000000e+00	0.000000000000000000e+00
nan	0.000000000000000000e+00	0.000000000000000000e+00	0.000000000000000000e+00	0.000000000000000000e+00	0.000000000000000000e+00	0.000000000000000000e+00
nan	0.000000000000000000e+00	0.000000000000000000e+00	0.000000000000000000e+00	0.000000000000000000e+00	0.000000000000000000e+00	0.000000000000000000e+00
nan	0.000000000000000000e+00	0.000000000000000000e+00	0.000000000000000000e+00	0.000000000000000000e+00	0.000000000000000000e+00	0.000000000000000000e+00
nan	0.000000000000000000e+00	0.000000000000000000e+00	0.000000000000000000e+00	0.000000000000000000e+00	0.000000000000000000e+00	0.000000000000000000e+00
nan	0.000000000000000000e+00	0.000000000000000000e+00	0.000000000000000000e+00	0.000000000000000000e+00	0.000000000000000000e+00	0.000000000000000000e+00
nan	0.000000000000000000e+00	0.000000000000000000e+00	0.000000000000000000e+00	0.000000000000000000e+00	0.000000000000000000e+00	0.000000000000000000e+00
nan	3.250000000000000000e+00	3.250000000000000284e-03	nan	4.796618793770697498e-02	9.884267283027038387e-01	1.633931378482356978e-01
nan	6.145000000000000000e+02	6.145000000000000462e-01	nan	9.087681187062912613e-02	9.424088040508027397e-01	2.272994338858871366e-01
nan	5.777000000000000000e+03	5.776999999999999247e+00	nan	9.683352064686800986e-02	9.886402873683959314e-01	4.367534550199088095e-01
nan	1.845200000000000000e+04	1.845199999999999818e+01	nan	9.971582840738335562e-02	1.082446380280243536e+00	1.065968710369668226e+00
nan	3.076775000000000000e+04	3.076774999999999949e+01	nan	1.018831752942226387e-01	1.042652564896396017e+00	1.964197702017670633e+00
nan	3.627950000000000000e+04	3.627949999999999875e+01	nan	1.023807273353831704e-01	1.078189480497394159e+00	2.114837080519578638e+00
nan	3.735650000000000000e+04	3.735649999999999693e+01	nan	1.053869089098498080e-01	1.004968062641611315e+00	2.044433935690295190e+00
nan	3.742825000000000000e+04	3.742824999999999847e+01	nan	1.077671266632869163e-01	1.086562393173068575e+00	2.070705448696127160e+00
nan	3.741225000000000000e+04	3.741225000000000023e+01	nan	1.098585572415053946e-01	1.077238824011565121e+00	2.037005674651766629e+00
nan	3.681350000000000000e+04	3.681350000000000477e+01	nan	1.116405202010675168e-01	1.042767500629345756e+00	1.979212372345436899e+00
nan	3.666300000000000000e+04	3.666299999999999670e+01	nan	1.135193376763545814e-01	1.044582803224682443e+00	1.914939332040900055e+00
nan	3.633625000000000000e+04	3.633624999999999972e+01	nan	1.129310356261683523e-01	1.084554414285813451e+00	1.893569167802020781e+00
nan	3.613125000000000000e+04	3.613125000000000142e+01	nan	1.173693443376002676e-01	1.107290201489664616e+00	1.875657130568348707e+00
nan	3.593775000000000000e+04	3.593775000000000119e+01	nan	1.197821727080423670e-01	1.087320894352971301e+00	1.893953936008185845e+00
nan	3.601275000000000000e+04	3.601275000000000404e+01	nan	1.216920211697214427e-01	1.056327576136472990e+00	1.830791183064484073e+00
nan	3.587150000000000000e+04	3.587150000000000460e+01	nan	1.238023327352131275e-01	1.096411318510310595e+00	1.918564333272059441e+00
nan	3.592825000000000000e+04	3.592824999999999847e+01	nan	1.231642728322626112e-01	1.103242978073066594e+00	1.843538402776398799e+00
nan	3.563800000000000000e+04	3.563799999999999812e+01	nan	1.277576274033727088e-01	1.059262240452790493e+00	1.856953865670088355e+00
nan	3.566400000000000000e+04	3.566400000000000148e+01	nan	1.292997612842157196e-01	1.059916620022423706e+00	1.909180310712693007e+00
nan	3.575275000000000000e+04	3.575274999999999892e+01	nan	1.317644634266699200e-01	1.086879797371071543e+00	1.737356441960083098e+00
nan	3.575700000000000000e+04	3.575699999999999790e+01	nan	1.337695256596305171e-01	1.045867463683538334e+00	1.809114150196388104e+00
nan	3.563050000000000000e+04	3.563049999999999784e+01	nan	1.353793289740536920e-01	1.063044918538939898e+00	1.802626620872149754e+00
nan	3.564600000000000000e+04	3.564600000000000080e+01	nan	1.377329380489982213e-01	1.089742791061533378e+00	1.732035991375259432e+00
nan	3.572000000000000000e+04	3.571999999999999886e+01	nan	1.386011959833055585e-01	1.077649481795156294e+00	1.740018010643966218e+00
nan	3.580900000000000000e+04	3.580899999999999750e+01	nan	1.414709495908610393e-01	1.079117331624308118e+00	1.701310425643874247e+00
nan	3.580800000000000000e+04	3.580800000000000693e+01	nan	1.433414657016029992e-01	1.047353941040459535e+00	1.637727146749990315e+00
nan	3.554775000000000000e+04	3.554775000000000063e+01	nan	1.455684636530989451e-01	1.111680231091432658e+00	1.722469113001034779e+00
nan	3.539750000000000000e+04	3.539749999999999375e+01	nan	1.472319733526035179e-01	1.022713368130161227e+00	1.743920474019170275e+00
nan	3.503125000000000000e+04	3.503125000000000000e+01	nan	1.495959307615706280e-01	1.087799972323339803e+00	1.732753197474799833e+00
nan	3.485150000000000000e+04	3.485150000000000148e+01	nan	1.517942275895194371e-01	1.021753275335305799e+00	1.673135335236075827e+00
nan	3.475250000000000000e+04	3.475249999999999773e+01	nan	1.532357373456392224e-01	1.069084518342489520e+00	1.685069928517292759e+00
nan	3.457175000000000000e+04	3.457174999999999443e+01	nan	1.553355631398076753e-01	1.073650078925532547e+00	1.589688934430212308e+00
nan	3.424900000000000000e+04	3.424900000000000233e+01	nan	1.574537005397402822e-01	1.076868351337739727e+00	1.623647128901828385e+00
nan	3.426450000000000000e+04	3.426449999999999818e+01	nan	1.596802524824241232e-01	1.029152000486174501e+00	1.649151298636956975e+00
nan	3.402400000000000000e+04	3.402400000000000091e+01	nan	1.606132215333389013e-01	1.082652499207263253e+00	1.580512660284088433e+00
nan	3.343375000000000000e+04	3.343375000000000341e+01	nan	1.637015668515289235e-01	1.016023615538984126e+00	1.510860605061509654e+00
nan	3.286425000000000000e+04	3.286425000000000551e+01	nan	1.644546667846924493e-01	1.086908317614402542e+00	1.606318654250027400e+00
nan	3.216050000000000000e+04	3.216049999999999898e+01	nan	1.655300926261702443e-01	1.030270243516041129e+00	1.508789388145997279e+00
nan	3.147725000000000000e+04	3.147724999999999795e+01	nan	1.690070803412524469e-01	1.044910978618787345e+00	1.521073284892890731e+00
nan	3.089200000000000000e+04	3.089199999999999591e+01	nan	1.688074270357944329e-01	1.014214126685764938e+00	1.507231284360505130e+00
nan	3.035475000000000000e+04	3.035474999999999568e+01	nan	1.735399326750126647e-01	1.023049842212084393e+00	1.489345261865856695e+00
nan	2.895450000000000000e+04	2.895449999999999591e+01	nan	1.750770020370424618e-01	1.069963075834960531e+00	1.534362416061280765e+00
nan	2.786150000000000000e+04	2.786149999999999949e+01	nan	1.776000395034458279e-01	1.087210080519593447e+00	1.484455753144704904e+00
nan	2.662025000000000000e+04	2.662024999999999864e+01	nan	1.781338016957931814e-01	1.045677952681205003e+00	1.520996640731113292e+00
nan	2.549375000000000000e+04	2.549374999999999858e+01	nan	1.815957239045573601e-01	1.050288140209323595e+00	1.517233927509407998e+00
nan	2.346825000000000000e+04	2.346825000000000472e+01	nan	1.817611941356034322e-01	1.096999734108358826e+00	1.470762044073269159e+00
nan	2.133225000000000000e+04	2.133225000000000193e+01	nan	1.852282419258415302e-01	1.045070879557969956e+00	1.443087557016025091e+00
nan	1.941575000000000000e+04	1.941574999999999918e+01	nan	1.871990309724935742e-01	1.071683600184283991e+00	1.401990675185030177e+00
nan	1.653200000000000000e+04	1.653199999999999648e+01	nan	1.892323696921138776e-01	1.005255244678214366e+00	1.494821943218351823e+00
nan	1.418500000000000000e+04	1.418500000000000050e+01	nan	1.907443775376478357e-01	1.084623000207416865e+00	1.466522255646126816e+00
nan	1.176175000000000000e+04	1.176174999999999926e+01	nan	1.927115338227451957e-01	9.956862607427862111e-01	1.405530095383151767e+00
nan	9.708250000000000000e+03	9.708249999999999602e+00	nan	1.948274280140651626e-01	1.027516241081252391e+00	1.434785719220008193e+00
nan	7.586250000000000000e+03	7.586249999999999716e+00	nan	1.960473329100551609e-01	1.042093830423295397e+00	1.503133204078207719e+00
nan	5.419750000000000000e+03	5.419749999999999623e+00	nan	1.931026088226772686e-01	1.071765574398225285e+00	1.306583247086052779e+00
nan	3.618500000000000000e+03	3.618500000000000050e+00	nan	1.995241945895145363e-01	1.005112522001671227e+00	1.141851059912695199e+00
nan	2.088000000000000000e+03	2.088000000000000078e+00	nan	2.000793349634832907e-01	1.078935447374917089e+00	8.486968603838995762e-01
nan	1.119250000000000000e+03	1.119250000000000078e+00	nan	1.904138830522796866e-01	1.024040965284729765e+00	9.812804978251508103e-01
nan	5.282500000000000000e+02	5.282499999999999973e-01	nan	1.972222150303366561e-01	9.939357336366629880e-01	5.610664160127525335e-01
nan	2.345000000000000000e+02	2.344999999999999862e-01	nan	1.897116085249450634e-01	9.828206018073659678e-01	6.838431620163087921e-01
nan	8.300000000000000000e+01	8.299999999999999045e-02	nan	1.426863964527053663e-01	1.199203551147551838e+00	5.574667031543065754e-01
nan	3.325000000000000000e+01	3.325000000000000178e-02	nan	1.431425098839849697e-01	1.202851454103178064e+00	4.899746516897222626e-01
nan	7.500000000000000000e+00	7.499999999999999722e-03	nan	1.433906894969471657e-01	1.122885923106409889e+00	4.185098617867365478e-01
nan	nan	nan	nan	nan	nan	nan
nan	0.000000000000000000e+00	0.000000000000000000e+00	0.000000000000000000e+00	0.000000000000000000e+00	0.000000000000000000e+00	0.000000000000000000e+00
nan	0.000000000000000000e+00	0.000000000000000000e+00	0.000000000000000000e+00	0.000000000000000000e+00	0.000000000000000000e+00	0.000000000000000000e+00
nan	0.000000000000000000e+00	0.000000000000000000e+00	0.000000000000000000e+00	0.000000000000000000e+00	0.000000000000000000e+00	0.000000000000000000e+00
nan	0.000000000000000000e+00	0.000000000000000000e+00	0.000000000000000000e+00	0.000000000000000000e+00	0.000000000000000000e+00	0.000000000000000000e+00
nan	0.000000000000000000e+00	0.000000000000000000e+00	0.000000000000000000e+00	0.000000000000000000e+00	0.000000000000000000e+00	0.000000000000000000e+00
nan	0.000000000000000000e+00	0.000000000000000000e+00	0.000000000000000000e+00	0.000000000000000000e+00	0.000000000000000000e+00	0.000000000000000000e+00
nan	0.000000000000000000e+00	0.000000000000000000e+00	0.000000000000000000e+00	0.000000000000000000e+00	0.000000000000000000e+00	0.000000000000000000e+00
nan	0.000000000000000000e+00	0.000000000000000000e+00	0.000000000000000000e+00	0.000000000000000000e+00	0.000000000000000000e+00	0.000000000000000000e+00
nan	0.000000000000000000e+00	0.000000000000000000e+00	0.000000000000000000e+00	0.000000000000000000e+00	0.000000000000000000e+00	0.000000000000000000e+00
nan	0.000000000000000000e+00	0.000000000000000000e+00	0.000000000000000000e+00	0.000000000000000000e+00	0.000000000000000000e+00	0.000000000000000000e+00
nan	0.000000000000000000e+00	0.000000000000000000e+00	0.000000000000000000e+00	0.000000000000000000e+00	0.000000000000000000e+00	0.000000000000000000e+00
nan	0.000000000000000000e+00	0.000000000000000000e+00	0.000000000000000000e+00	0.000000000000000000e+00	0.000000000000000000e+00	0.000000000000000000e+00
nan	0.000000000000000000e+00	0.000000000000000000e+00	0.000000000000000000e+00	0.000000000000000000e+00	0.000000000000000000e+00	0.000000000000000000e+00
nan	0.000000000000000000e+00	0.000000000000000000e+00	0.000000000000000000e+00	0.000000000000000000e+00	0.000000000000000000e+00	0.000000000000000000e+00
nan	0.000000000000000000e+00	0.000000000000000000e+00	0.000000000000000000e+00	0.000000000000000000e+00	0.000000000000000000e+00	0.000000000000000000e+00
nan	0.000000000000000000e+00	0.000000000000000000e+00	0.000000000000000000e+00	0.000000000000000000e+00	0.000000000000000000e+00	0.000000000000000000e+00
nan	0.000000000000000000e+00	0.000000000000000000e+00	0.000000000000000000e+00	0.000000000000000000e+00	0.000000000000000000e+00	0.000000000000000000e+00
nan	0.000000000000000000e+00	0.000000000000000000e+00	0.000000000000000000e+00	0.000000000000000000e+00	0.000000000000000000e+00	0.000000000000000000e+00
nan	0.000000000000000000e+00	0.000000000000000000e+00	0.000000000000000000e+00	0.000000000000000000e+00	0.000000000000000000e+00	0.000000000000000000e+00
nan	0.000000000000000000e+00	0.000000000000000000e+00	0.000000000000000000e+00	0.000000000000000000e+00	0.000000000000000000e+00	0.000000000000000000e+00
nan	0.000000000000000000e+00	0.000000000000000000e+00	0.000000000000000000e+00	0.000000000000000000e+00	0.000000000000000000e+00	0.000000000000000000e+00
nan	0.000000000000000000e+00	0.000000000000000000e+00	0.000000000000000000e+00	0.000000000000000000e+00	0.000000000000000000e+00	0.000000000000000000e+00
nan	0.000000000000000000e+00	0.000000000000000000e+00	0.000000000000000000e+00	0.000000000000000000e+00	0.000000000000000000e+00	0.000000000000000000e+00
nan	0.000000000000000000e+00	0.000000000000000000e+00	0.000000000000000000e+00	0.000000000000000000e+00	0.000000000000000000e+00	0.000000000000000000e+00
nan	0.000000000000000000e+00	0.000000000000000000e+00	0.000000000000000000e+00	0.000000000000000000e+00	0.000000000000000000e+00	0.000000000000000000e+00
nan	0.000000000000000000e+00	0.000000000000000000e+00	0.000000000000000000e+00	0.000000000000000000e+00	0.000000000000000000e+00	0.000000000000000000e+00
nan	0.000000000000000000e+00	0.000000000000000000e+00	0.000000000000000000e+00	0.000000000000000000e+00	0.000000000000000000e+00	0.000000000000000000e+00
nan	0.000000000000000000e+00	0.000000000000000000e+00	0.000000000000000000e+00	0.000000000000000000e+00	0.000000000000000000e+00	0.000000000000000000e+00
nan	0.000000000000000000e+00	0.000000000000000000e+00	0.000000000000000000e+00	0.000000000000000000e+00	0.000000000000000000e+00	0.000000000000000000e+00
nan	0.000000000000000000e+00	0.000000000000000000e+00	0.000000000000000000e+00	0.000000000000000000e+00	0.000000000000000000e+00	0.000000000000000000e+00
nan	0.000000000000000000e+00	0.000000000000000000e+00	0.000000000000000000e+00	0.000000000000000000e+00	0.000000000000000000e+00	0.000000000000000000e+00
nan	0.000000000000000000e+00	0.000000000000000000e+00	0.000000000000000000e+00	0.000000000000000000e+00	0.000000000000000000e+00	0.000000000000000000e+00
nan	0.000000000000000000e+00	0.000000000000000000e+00	0.000000000000000000e+00	0.000000000000000000e+00	0.000000000000000000e+00	0.000000000000000000e+00
nan	0.000000000000000000e+00	0.000000000000000000e+00	0.000000000000000000e+00	0.000000000000000000e+00	0.000000000000000000e+00	0.000000000000000000e+00
nan	0.000000000000000000e+00	0.000000000000000000e+00	0.000000000000000000e+00	0.000000000000000000e+00	0.000000000000000000e+00	0.000000000000000000e+00
nan	0.000000000000000000e+00	0.000000000000000000e+00	0.000000000000000000e+00	0.000000000000000000e+00	0.000000000000000000e+00	0.000000000000000000e+00
nan	0.000000000000000000e+00	0.000000000000000000e+00	0.000000000000000000e+00	0.000000000000000000e+00	0.000000000000000000e+00	0.000000000000000000e+00
nan	0.000000000000000000e+00	0.000000000000000000e+00	0.000000000000000000e+00	0.000000000000000000e+00	0.000000000000000000e+00	0.000000000000000000e+00
nan	0.000000000000000000e+00	0.000000000000000000e+00	0.000000000000000000e+00	0.000000000000000000e+00	0.000000000000000000e+00	0.000000000000000000e+00
nan	0.000000000000000000e+00	0.000000000000000000e+00	0.000000000000000000e+00	0.000000000000000000e+00	0.000000000000000000e+00	0.000000000000000000e+00
nan	0.000000000000000000e+00	0.000000000000000000e+00	0.000000000000000000e+00	0.000000000000000000e+00	0.000000000000000000e+00	0.000000000000000000e+00
nan	0.000000000000000000e+00	0.000000000000000000e+00	0.000000000000000000e+00	0.000000000000000000e+00	0.000000000000000000e+00	0.000000000000000000e+00
nan	8.500000000000000000e+00	8.500000000000000611e-03	nan	6.290181521394867803e-02	8.699691365219011097e-01	3.813916082855138279e-01
nan	6.282500000000000000e+02	6.282499999999999751e-01	nan	8.262142066775624016e-02	9.294460368186030497e-01	2.769699574340473980e-01
nan	5.692000000000000000e+03	5.692000000000000171e+00	nan	9.389791539205205595e-02	1.062339105362314129e+00	4.645176850021357495e-01
nan	1.785475000000000000e+04	1.785474999999999568e+01	nan	9.962496081417171467e-02	1.073682067182583300e+00	1.058943253476093638e+00
nan	2.954400000000000000e+04	2.954399999999999693e+01	nan	1.018573578137598190e-01	9.551765983095501511e-01	1.920008485045983093e+00
nan	3.503800000000000000e+04	3.503800000000000381e+01	nan	1.038569921169738564e-01	1.035397779062883439e+00	2.137177810057544480e+00
nan	3.629625000000000000e+04	3.629625000000000057e+01	nan	1.054172600417828676e-01	1.002263941956175408e+00	2.090058217833028475e+00
nan	3.621625000000000000e+04	3.621625000000000227e+01	nan	1.075608869964668202e-01	1.013744519350719742e+00	2.049655142200338176e+00
nan	3.611400000000000000e+04	3.611399999999999721e+01	nan	1.089979778840124425e-01	1.066103989849626954e+00	1.986836391561945359e+00
nan	3.582050000000000000e+04	3.582049999999999557e+01	nan	1.117740607083383964e-01	1.082611396504817858e+00	2.043376228023693120e+00
nan	3.558500000000000000e+04	3.558500000000000085e+01	nan	1.136545823188797044e-01	1.052012855683055470e+00	2.006940485802145346e+00
nan	3.517400000000000000e+04	3.517399999999999949e+01	nan	1.138124569513863094e-01	1.040863138391315168e+00	1.904083378384377800e+00
nan	3.506375000000000000e+04	3.506374999999999886e+01	nan	1.175224965715067071e-01	1.022676045958506696e+00	1.848914511077462741e+00
nan	3.486200000000000000e+04	3.486200000000000188e+01	nan	1.191731401368336662e-01	9.961321414682005049e-01	1.904325959526375511e+00
nan	3.474300000000000000e+04	3.474300000000000210e+01	nan	1.173393985597996902e-01	1.021076341902011908e+00	1.876873472298413503e+00
nan	3.473375000000000000e+04	3.473375000000000057e+01	nan	1.236372438789956618e-01	1.107001556739317438e+00	1.927875337705382996e+00
nan	3.474925000000000000e+04	3.474925000000000352e+01	nan	1.253769935464212892e-01	9.992138562540470170e-01	1.829634936147716218e+00
nan	3.475025000000000000e+04	3.475025000000000119e+01	nan	1.268980282412037752e-01	1.048160386036608216e+00	1.865773214309732975e+00
nan	3.464075000000000000e+04	3.464074999999999704e+01	nan	1.189727382434414005e-01	1.055676189002736409e+00	1.811983433707178515e+00
nan	3.467175000000000000e+04	3.467174999999999585e+01	nan	1.317584059471528235e-01	1.053011678220383551e+00	1.832840173112522120e+00
nan	3.456100000000000000e+04	3.456099999999999994e+01	nan	1.333348125244668836e-01	1.031746045476598317e+00	1.852588311531468745e+00
nan	3.459475000000000000e+04	3.459474999999999767e+01	nan	1.356178166743262636e-01	9.981382615975407102e-01	1.707521232595842875e+00
nan	3.442825000000000000e+04	3.442824999999999847e+01	nan	1.373920404962021280e-01	1.049651836992028686e+00	1.738462208691652133e+00
nan	3.464125000000000000e+04	3.464124999999999943e+01	nan	1.385798231203665409e-01	1.077356275125828766e+00	1.765306098194620699e+00
nan	3.458500000000000000e+04	3.458500000000000796e+01	nan	1.398991765101555984e-01	1.047344230656172659e+00	1.735384970447675368e+00
nan	3.467675000000000000e+04	3.467674999999999841e+01	nan	1.432417266353880336e-01	1.077480986925078987e+00	1.677752905233639069e+00
nan	3.442225000000000000e+04	3.442225000000000534e+01	nan	1.449707263462016726e-01	1.056653506403311571e+00	1.603492495981004629e+00
nan	3.419375000000000000e+04	3.419375000000000142e+01	nan	1.476060300680330784e-01	1.041448640944468318e+00	1.701968964186309830e+00
nan	3.396125000000000000e+04	3.396124999999999972e+01	nan	1.491329939870880139e-01	1.013955114776973643e+00	1.626558103589578197e+00
nan	3.397750000000000000e+04	3.397749999999999915e+01	nan	1.514091404464465995e-01	1.069634596946078320e+00	1.685059569599690166e+00
nan	3.363675000000000000e+04	3.363674999999999926e+01	nan	1.530792691746967193e-01	1.040554312588886088e+00	1.660322163078904456e+00
nan	3.350475000000000000e+04	3.350475000000000136e+01	nan	1.553835088214583493e-01	1.049040438584672996e+00	1.555025500095193580e+00
nan	3.327375000000000000e+04	3.327375000000000682e+01	nan	1.573141689741746063e-01	1.083206520283320540e+00	1.639272768834351579e+00
nan	3.294200000000000000e+04	3.294200000000000017e+01	nan	1.593506577836620863e-01	1.082459329174537244e+00	1.632689172417462142e+00
nan	3.290225000000000000e+04	3.290225000000000222e+01	nan	1.612472755054241702e-01	1.026259705337260408e+00	1.616880594906737967e+00
nan	3.245475000000000000e+04	3.245474999999999710e+01	nan	1.636732666760352117e-01	1.091402042061142552e+00	1.597977712588209975e+00
nan	3.195825000000000000e+04	3.195824999999999960e+01	nan	1.656832481123160505e-01	1.085558365034860806e+00	1.628102426721390605e+00
nan	3.112625000000000000e+04	3.112624999999999886e+01	nan	1.674153665795046209e-01	1.067470140362123399e+00	1.531399834612703570e+00
nan	3.062175000000000000e+04	3.062174999999999869e+01	nan	1.694092191605207631e-01	1.055690644227188946e+00	1.603306513432280145e+00
nan	2.986700000000000000e+04	2.986700000000000088e+01	nan	1.712478727854289673e-01	1.065037526266584322e+00	1.533202690836636073e+00
nan	2.912025000000000000e+04	2.912025000000000219e+01	nan	1.733972399474339454e-01	1.063586744186867605e+00	1.491672506946262411e+00
nan	2.803925000000000000e+04	2.803924999999999912e+01	nan	1.708238278470162186e-01	1.025246648209287237e+00	1.510211171149737464e+00
nan	2.689050000000000000e+04	2.689050000000000296e+01	nan	1.773181247839730190e-01	1.047687442468175245e+00	1.505696590842292348e+00
nan	2.574975000000000000e+04	2.574974999999999881e+01	nan	1.730374703317636431e-01	1.020097897674081100e+00	1.467785623954960705e+00
nan	2.464900000000000000e+04	2.464899999999999736e+01	nan	1.782490101448033215e-01	1.056094915150763480e+00	1.467889107121053804e+00
nan	2.281500000000000000e+04	2.281500000000000128e+01	nan	1.834221388332366587e-01	1.055016067996437323e+00	1.413350021045257865e+00
nan	2.074800000000000000e+04	2.074799999999999756e+01	nan	1.850956303547661719e-01	1.071878724076534173e+00	1.465505652185218555e+00
nan	1.862750000000000000e+04	1.862750000000000128e+01	nan	1.869404000863710280e-01	1.058715381619785845e+00	1.566120741839311936e+00
nan	1.615750000000000000e+04	1.615749999999999886e+01	nan	1.889523116937823488e-01	1.039442469897379429e+00	1.473241955832802930e+00
nan	1.365450000000000000e+04	1.365449999999999875e+01	nan	1.905618145068075364e-01	1.025028867726828885e+00	1.455098755856863768e+00
nan	1.145925000000000000e+04	1.145925000000000082e+01	nan	1.931814416271606660e-01	1.061167887609353988e+00	1.421814385215444787e+00
nan	9.386750000000000000e+03	9.386749999999999261e+00	nan	1.942460827072594043e-01	1.124713147946955871e+00	1.408361722497128987e+00
nan	7.340000000000000000e+03	7.339999999999999858e+00	nan	1.962657028835224082e-01	1.098827009520994213e+00	1.449319982629892589e+00
nan	5.368250000000000000e+03	5.368249999999999744e+00	nan	1.823175519093855057e-01	1.024625642694039662e+00	1.315746567193061711e+00
nan	3.486250000000000000e+03	3.486250000000000071e+00	nan	2.004361289958751513e-01	9.946622493093596473e-01	1.080330664065904944e+00
nan	2.037750000000000000e+03	2.037749999999999950e+00	nan	1.915975386691002313e-01	1.092818223956054879e+00	1.001201203392477534e+00
nan	1.061000000000000000e+03	1.060999999999999943e+00	nan	2.013017448348719540e-01	9.636467743260692664e-01	6.574018948340065727e-01
nan	4.987500000000000000e+02	4.987500000000000266e-01	nan	1.937280754651737880e-01	9.903441340027669959e-01	7.201501636185141386e-01
nan	2.292500000000000000e+02	2.292500000000000093e-01	nan	1.959172458463456223e-01	1.017890397339273445e+00	4.244108391212697562e-01
nan	8.975000000000000000e+01	8.974999999999999645e-02	nan	1.409281466572161468e-01	1.122734381751399724e+00	5.680690724304440220e-01
nan	3.200000000000000000e+01	3.200000000000000067e-02	nan	1.552658787827307652e-01	1.195752970944294447e+00	4.717380657295663360e-01
nan	1.025000000000000000e+01	1.025000000000000043e-02	nan	1.508977233041895738e-01	1.533367111143270289e+00	3.256791508668120949e-01
nan	2.500000000000000000e+00	2.500000000000000052e-03	nan	5.933068633250029172e-02	3.837319628614909162e-01	1.639048123748494401e-01
nan	nan	nan	nan	nan	nan	nan
nan	0.000000000000000000e+00	0.000000000000000000e+00	0.000000000000000000e+00	0.000000000000000000e+00	0.000000000000000000e+00	0.000000000000000000e+00
nan	0.000000000000000000e+00	0.000000000000000000e+00	0.000000000000000000e+00	0.000000000000000000e+00	0.000000000000000000e+00	0.000000000000000000e+00
nan	0.000000000000000000e+00	0.000000000000000000e+00	0.000000000000000000e+00	0.000000000000000000e+00	0.000000000000000000e+00	0.000000000000000000e+00
nan	0.000000000000000000e+00	0.000000000000000000e+00	0.000000000000000000e+00	0.000000000000000000e+00	0.000000000000000000e+00	0.000000000000000000e+00
nan	0.000000000000000000e+00	0.000000000000000000e+00	0.000000000000000000e+00	0.000000000000000000e+00	0.000000000000000000e+00	0.000000000000000000e+00
nan	0.000000000000000000e+00	0.000000000000000000e+00	0.000000000000000000e+00	0.000000000000000000e+00	0.000000000000000000e+00	0.000000000000000000e+00
nan	0.000000000000000000e+00	0.000000000000000000e+00	0.000000000000000000e+00	0.000000000000000000e+00	0.000000000000000000e+00	0.000000000000000000e+00
nan	0.000000000000000000e+00	0.000000000000000000e+00	0.000000000000000000e+00	0.000000000000000000e+00	0.000000000000000000e+00	0.000000000000000000e+00
nan	0.000000000000000000e+00	0.000000000000000000e+00	0.000000000000000000e+00	0.000000000000000000e+00	0.000000000000000000e+00	0.000000000000000000e+00
nan	0.000000000000000000e+00	0.000000000000000000e+00	0.000000000000000000e+00	0.000000000000000000e+00	0.000000000000000000e+00	0.000000000000000000e+00
nan	0.000000000000000000e+00	0.000000000000000000e+00	0.000000000000000000e+00	0.000000000000000000e+00	0.000000000000000000e+00	0.000000000000000000e+00
nan	0.000000000000000000e+00	0.000000000000000000e+00	0.000000000000000000e+00	0.000000000000000000e+00	0.000000000000000000e+00	0.000000000000000000e+00
nan	0.000000000000000000e+00	0.000000000000000000e+00	0.000000000000000000e+00	0.000000000000000000e+00	0.000000000000000000e+00	0.000000000000000000e+00
nan	0.000000000000000000e+00	0.000000000000000000e+00	0.000000000000000000e+00	0.000000000000000000e+00	0.000000000000000000e+00	0.000000000000000000e+00
nan	0.000000000000000000e+00	0.000000000000000000e+00	0.000000000000000000e+00	0.000000000000000000e+00	0.000000000000000000e+00	0.000000000000000000e+00
nan	0.000000000000000000e+00	0.000000000000000000e+00	0.000000000000000000e+00	0.000000000000000000e+00	0.000000000000000000e+00	0.000000000000000000e+00
nan	0.000000000000000000e+00	0.000000000000000000e+00	0.000000000000000000e+00	0.000000000000000000e+00	0.000000000000000000e+00	0.000000000000000000e+00
nan	0.000000000000000000e+00	0.000000000000000000e+00	0.000000000000000000e+00	0.000000000000000000e+00	0.000000000000000000e+00	0.000000000000000000e+00
nan	0.000000000000000000e+00	0.000000000000000000e+00	0.000000000000000000e+00	0.000000000000000000e+00	0.000000000000000000e+00	0.000000000000000000e+00
nan	0.000000000000000000e+00	0.000000000000000000e+00	0.000000000000000000e+00	0.000000000000000000e+00	0.000000000000000000e+00	0.000000000000000000e+00
nan	0.000000000000000000e+00	0.000000000000000000e+00	0.000000000000000000e+00	0.000000000000000000e+00	0.000000000000000000e+00	0.000000000000000000e+00
nan	0.000000000000000000e+00	0.000000000000000000e+00	0.000000000000000000e+00	0.000000000000000000e+00	0.000000000000000000e+00	0.000000000000000000e+00
nan	0.000000000000000000e+00	0.000000000000000000e+00	0.000000000000000000e+00	0.000000000000000000e+00	0.000000000000000000e+00	0.000000000000000000e+00
nan	0.000000000000000000e+00	0.000000000000000000e+00	0.000000000000000000e+00	0.000000000000000000e+00	0.000000000000000000e+00	0.000000000000000000e+00
nan	0.000000000000000000e+00	0.000000000000000000e+00	0.000000000000000000e+00	0.000000000000000000e+00	0.000000000000000000e+00	0.000000000000000000e+00
nan	0.000000000000000000e+00	0.000000000000000000e+00	0.000000000000000000e+00	0.000000000000000000e+00	0.000000000000000000e+00	0.000000000000000000e+00
nan	0.000000000000000000e+00	0.000000000000000000e+00	0.000000000000000000e+00	0.000000000000000000e+00	0.000000000000000000e+00	0.000000000000000000e+00
nan	0.000000000000000000e+00	0.000000000000000000e+00	0.000000000000000000e+00	0.000000000000000000e+00	0.000000000000000000e+00	0.000000000000000000e+00
nan	0.000000000000000000e+00	0.000000000000000000e+00	0.000000000000000000e+00	0.000000000000000000e+00	0.000000000000000000e+00	0.000000000000000000e+00
nan	0.000000000000000000e+00	0.000000000000000000e+00	0.000000000000000000e+00	0.000000000000000000e+00	0.000000000000000000e+00	0.000000000000000000e+00
nan	0.000000000000000000e+00	0.000000000000000000e+00	0.000000000000000000e+00	0.000000000000000000e+00	0.000000000000000000e+00	0.000000000000000000e+00
nan	0.000000000000000000e+00	0.000000000000000000e+00	0.000000000000000000e+00	0.000000000000000000e+00	0.000000000000000000e+00	0.000000000000000000e+00
nan	0.000000000000000000e+00	0.000000000000000000e+00	0.000000000000000000e+00	0.000000000000000000e+00	0.000000000000000000e+00	0.000000000000000000e+00
nan	0.000000000000000000e+00	0.000000000000000000e+00	0.000000000000000000e+00	0.000000000000000000e+00	0.000000000000000000e+00	0.000000000000000000e+00
nan	0.000000000000000000e+00	0.000000000000000000e+00	0.000000000000000000e+00	0.000000000000000000e+00	0.000000000000000000e+00	0.000000000000000000e+00
nan	0.000000000000000000e+00	0.000000000000000000e+00	0.000000000000000000e+00	0.000000000000000000e+00	0.000000000000000000e+00	0.000000000000000000e+00
nan	0.000000000000000000e+00	0.000000000000000000e+00	0.000000000000000000e+00	0.000000000000000000e+00	0.000000000000000000e+00	0.000000000000000000e+00
nan	0.000000000000000000e+00	0.000000000000000000e+00	0.000000000000000000e+00	0.000000000000000000e+00	0.000000000000000000e+00	0.000000000000000000e+00
nan	0.000000000000000000e+00	0.000000000000000000e+00	0.000000000000000000e+00	0.000000000000000000e+00	0.000000000000000000e+00	0.000000000000000000e+00
nan	0.000000000000000000e+00	0.000000000000000000e+00	0.000000000000000000e+00	0.000000000000000000e+00	0.000000000000000000e+00	0.000000000000000000e+00
nan	nan	nan	nan	nan	nan	nan
nan	4.675000000000000000e+01	4.675000000000000683e-02	nan	6.409461158481652432e-02	1.221180043698144591e+00	8.348442748298786631e-01
nan	6.337500000000000000e+02	6.337500000000000355e-01	nan	8.583202029119263443e-02	9.180113065836599251e-01	3.244721904928216105e-01
nan	4.376750000000000000e+03	4.376750000000000362e+00	nan	9.526370249369975340e-02	9.945406083345883497e-01	4.562177042074950784e-01
nan	1.299900000000000000e+04	1.299900000000000233e+01	nan	9.734010255396086109e-02	1.034890616569640098e+00	1.021399138119836625e+00
nan	2.163100000000000000e+04	2.163100000000000023e+01	nan	1.016139239919517934e-01	1.034306374059892564e+00	1.952351061432819446e+00
nan	2.563475000000000000e+04	2.563475000000000037e+01	nan	1.030732034791626006e-01	1.068827677473448645e+00	2.174626390643009444e+00
nan	2.681975000000000000e+04	2.681975000000000264e+01	nan	1.056713604567356413e-01	1.018517085579330850e+00	2.125217262078707314e+00
nan	2.686125000000000000e+04	2.686125000000000185e+01	nan	1.077129629083231066e-01	1.094171570981593344e+00	2.072460684652669194e+00
nan	2.659175000000000000e+04	2.659175000000000111e+01	nan	1.094229826144612616e-01	1.020875490906554495e+00	1.981931102774505682e+00
nan	2.641275000000000000e+04	2.641274999999999906e+01	nan	1.115273564202503565e-01	1.045496069229090441e+00	2.048340125535165424e+00
nan	2.615450000000000000e+04	2.615449999999999875e+01	nan	1.135530675734095496e-01	1.056501205030825563e+00	2.005221564185711181e+00
nan	2.596125000000000000e+04	2.596124999999999972e+01	nan	1.152852455905524209e-01	1.015430699742991383e+00	1.850413383715634685e+00
nan	2.582975000000000000e+04	2.582975000000000065e+01	nan	1.178100534740167404e-01	1.074275458572398145e+00	1.968905265773100988e+00
nan	2.567825000000000000e+04	2.567824999999999847e+01	nan	1.191364441949716024e-01	9.885930664683278968e-01	1.999558178371977357e+00
nan	2.549200000000000000e+04	2.549199999999999733e+01	nan	1.217490904798168572e-01	1.004683395887301156e+00	1.918213352226432855e+00
nan	2.566425000000000000e+04	2.566424999999999912e+01	nan	1.226637553011009629e-01	1.072196119468204811e+00	1.827669054319068564e+00
nan	2.559800000000000000e+04	2.559799999999999898e+01	nan	1.238737806350300730e-01	1.029461445758759419e+00	1.876153306578077551e+00
nan	2.561275000000000000e+04	2.561274999999999835e+01	nan	1.275249571900261003e-01	1.069874908965995797e+00	1.914150789059463564e+00
nan	2.566250000000000000e+04	2.566250000000000142e+01	nan	1.290417821015381605e-01	1.020851231018910621e+00	1.869182934621865355e+00
nan	2.554400000000000000e+04	2.554399999999999693e+01	nan	1.314753133431096899e-01	1.008453069128001367e+00	1.872823282111043319e+00
nan	2.557450000000000000e+04	2.557450000000000401e+01	nan	1.337498499687441722e-01	1.074267926913482274e+00	1.740852606507892641e+00
nan	2.541225000000000000e+04	2.541225000000000023e+01	nan	1.353638901257170346e-01	1.032149651992569694e+00	1.724551256995700665e+00
nan	2.555650000000000000e+04	2.555649999999999977e+01	nan	1.373168697745086320e-01	1.067183143903614795e+00	1.823206722299626659e+00
nan	2.563600000000000000e+04	2.563599999999999923e+01	nan	1.397654821482561260e-01	1.045648911075021781e+00	1.791270539710317244e+00
nan	2.560700000000000000e+04	2.560699999999999932e+01	nan	1.414970030595839035e-01	1.082951530786730565e+00	1.760258229956162435e+00
nan	2.574525000000000000e+04	2.574525000000000219e+01	nan	1.397262547254101150e-01	1.103317519844413841e+00	1.802677399928956703e+00
nan	2.542800000000000000e+04	2.542799999999999727e+01	nan	1.447371547372284795e-01	1.040080017017359193e+00	1.732014188878876926e+00
nan	2.536550000000000000e+04	2.536550000000000082e+01	nan	1.475419901886070306e-01	1.070978009060111980e+00	1.755273383378858743e+00
nan	2.512175000000000000e+04	2.512175000000000225e+01	nan	1.496693483217370613e-01	1.100285456807156059e+00	1.589974008266287431e+00
nan	2.507775000000000000e+04	2.507774999999999821e+01	nan	1.516375144823882692e-01	1.035978929875134291e+00	1.688124915993136854e+00
nan	2.470675000000000000e+04	2.470675000000000310e+01	nan	1.526059002750344007e-01	1.025659096478779286e+00	1.638406599693794430e+00
nan	2.486475000000000000e+04	2.486475000000000080e+01	nan	1.551812494070290427e-01	1.084458785077504928e+00	1.715284365705514347e+00
nan	2.461825000000000000e+04	2.461825000000000330e+01	nan	1.537428019498179310e-01	1.064759303018654180e+00	1.592016857116832051e+00
nan	2.445475000000000000e+04	2.445475000000000065e+01	nan	1.596045131708834219e-01	1.082332928515274517e+00	1.634181073908589799e+00
nan	2.426525000000000000e+04	2.426524999999999821e+01	nan	1.609895473941662658e-01	1.028791079667884745e+00	1.624842809896829054e+00
nan	2.392950000000000000e+04	2.392950000000000088e+01	nan	1.635769180582116178e-01	9.787064549169874894e-01	1.628339758092793632e+00
nan	2.357100000000000000e+04	2.357099999999999795e+01	nan	1.523406348083013173e-01	1.011730497980203758e+00	1.660731476762283831e+00
nan	2.295625000000000000e+04	2.295624999999999716e+01	nan	1.543407649723337327e-01	1.044227345832122511e+00	1.606159745870208599e+00
nan	2.250575000000000000e+04	2.250575000000000259e+01	nan	1.692369070712516077e-01	1.043600089471921732e+00	1.553534250011155304e+00
nan	2.194825000000000000e+04	2.194825000000000159e+01	nan	1.716069870380394491e-01	1.033544379983895034e+00	1.522158835539102917e+00
nan	2.169125000000000000e+04	2.169125000000000014e+01	nan	1.735509094393279383e-01	1.045782945410114628e+00	1.467598591842807387e+00
nan	2.081050000000000000e+04	2.081049999999999756e+01	nan	1.742678921653038060e-01	1.087788965345434677e+00	1.456793537276321437e+00
nan	1.971950000000000000e+04	1.971950000000000003e+01	nan	1.761394308341266424e-01	1.079183657592633239e+00	1.460885100881751608e+00
nan	1.901475000000000000e+04	1.901474999999999937e+01	nan	1.785520482041249579e-01	1.089741720161510274e+00	1.550218874441884775e+00
nan	1.811975000000000000e+04	1.811974999999999980e+01	nan	1.791953509128489941e-01	1.038236994145754988e+00	1.547766628873992634e+00
nan	1.681225000000000000e+04	1.681224999999999881e+01	nan	1.826660086021760776e-01	1.026071700610772686e+00	1.489919051577206055e+00
nan	1.533900000000000000e+04	1.533900000000000219e+01	nan	1.851844317648598803e-01	1.057163802634162986e+00	1.429946098509659702e+00
nan	1.368000000000000000e+04	1.367999999999999794e+01	nan	1.864464782120265340e-01	1.095257207733559834e+00	1.507212384264112970e+00
nan	1.193300000000000000e+04	1.193299999999999983e+01	nan	1.887304410738224192e-01	1.061137759891684684e+00	1.424231243244732603e+00
nan	1.012650000000000000e+04	1.012650000000000006e+01	nan	1.906284050873594538e-01	1.084079070126025224e+00	1.468108070154331202e+00
nan	8.410250000000000000e+03	8.410250000000001336e+00	nan	1.927083103343605330e-01	1.052458860672276675e+00	1.453812550753183608e+00
nan	6.903750000000000000e+03	6.903750000000000497e+00	nan	1.930967843968076636e-01	1.124947849693972213e+00	1.433568882831755431e+00
nan	5.389500000000000000e+03	5.389499999999999957e+00	nan	1.932191293954659272e-01	1.099835488220283430e+00	1.393137628766119018e+00
nan	3.980750000000000000e+03	3.980750000000000011e+00	nan	1.968559044397935054e-01	1.016791478310687946e+00	1.418542218940249455e+00
nan	2.603500000000000000e+03	2.603499999999999925e+00	nan	1.988795337432378574e-01	1.109127144570788648e+00	1.175288594181584934e+00
nan	1.500750000000000000e+03	1.500750000000000028e+00	nan	1.956885447320928506e-01	1.040387827245978114e+00	8.595890343154346525e-01
nan	8.102500000000000000e+02	8.102500000000000258e-01	nan	1.982315298883889909e-01	9.905504068342372292e-01	6.354640128617625727e-01
nan	3.727500000000000000e+02	3.727500000000000258e-01	nan	1.637634409500208221e-01	1.004098467708693931e+00	5.279152197470162733e-01
nan	1.797500000000000000e+02	1.797499999999999654e-01	nan	1.184688005443490511e-01	1.024662965245292767e+00	6.226192192541035730e-01
nan	6.525000000000000000e+01	6.525000000000000244e-02	nan	1.458718646476086511e-01	1.186064685556592835e+00	5.943194128708493285e-01
nan	2.400000000000000000e+01	2.400000000000000050e-02	nan	1.403616223708097910e-01	1.028845162585469986e+00	4.576961644350255320e-01
nan	7.000000000000000000e+00	7.000000000000000146e-03	nan	1.388298931757643850e-01	1.055913995558942720e+00	3.744721636496073369e-01
nan	nan	nan	nan	nan	nan	nan
nan	nan	nan	nan	nan	nan	nan
nan	0.000000000000000000e+00	0.000000000000000000e+00	0.000000000000000000e+00	0.000000000000000000e+00	0.000000000000000000e+00	0.000000000000000000e+00
nan	0.000000000000000000e+00	0.000000000000000000e+00	0.000000000000000000e+00	0.000000000000000000e+00	0.000000000000000000e+00	0.000000000000000000e+00
nan	0.000000000000000000e+00	0.000000000000000000e+00	0.000000000000000000e+00	0.000000000000000000e+00	0.000000000000000000e+00	0.000000000000000000e+00
nan	0.000000000000000000e+00	0.000000000000000000e+00	0.000000000000000000e+00	0.000000000000000000e+00	0.000000000000000000e+00	0.000000000000000000e+00
nan	0.000000000000000000e+00	0.000000000000000000e+00	0.000000000000000000e+00	0.000000000000000000e+00	0.000000000000000000e+00	0.000000000000000000e+00
nan	0.000000000000000000e+00	0.000000000000000000e+00	0.000000000000000000e+00	0.000000000000000000e+00	0.000000000000000000e+00	0.000000000000000000e+00
nan	0.000000000000000000e+00	0.000000000000000000e+00	0.000000000000000000e+00	0.000000000000000000e+00	0.000000000000000000e+00	0.000000000000000000e+00
nan	0.000000000000000000e+00	0.000000000000000000e+00	0.000000000000000000e+00	0.000000000000000000e+00	0.000000000000000000e+00	0.000000000000000000e+00
nan	0.000000000000000000e+00	0.000000000000000000e+00	0.000000000000000000e+00	0.000000000000000000e+00	0.000000000000000000e+00	0.000000000000000000e+00
nan	0.000000000000000000e+00	0.000000000000000000e+00	0.000000000000000000e+00	0.000000000000000000e+00	0.000000000000000000e+00	0.000000000000000000e+00
nan	0.000000000000000000e+00	0.000000000000000000e+00	0.000000000000000000e+00	0.000000000000000000e+00	0.000000000000000000e+00	0.000000000000000000e+00
nan	0.000000000000000000e+00	0.000000000000000000e+00	0.000000000000000000e+00	0.000000000000000000e+00	0.000000000000000000e+00	0.000000000000000000e+00
nan	0.000000000000000000e+00	0.000000000000000000e+00	0.000000000000000000e+00	0.000000000000000000e+00	0.000000000000000000e+00	0.000000000000000000e+00
nan	0.000000000000000000e+00	0.000000000000000000e+00	0.000000000000000000e+00	0.000000000000000000e+00	0.000000000000000000e+00	0.000000000000000000e+00
nan	0.000000000000000000e+00	0.000000000000000000e+00	0.000000000000000000e+00	0.000000000000000000e+00	0.000000000000000000e+00	0.000000000000000000e+00
nan	0.000000000000000000e+00	0.000000000000000000e+00	0.000000000000000000e+00	0.000000000000000000e+00	0.000000000000000000e+00	0.000000000000000000e+00
nan	0.000000000000000000e+00	0.000000000000000000e+00	0.000000000000000000e+00	0.000000000000000000e+00	0.000000000000000000e+00	0.000000000000000000e+00
nan	0.000000000000000000e+00	0.000000000000000000e+00	0.000000000000000000e+00	0.000000000000000000e+00	0.000000000000000000e+00	0.000000000000000000e+00
nan	0.000000000000000000e+00	0.000000000000000000e+00	0.000000000000000000e+00	0.000000000000000000e+00	0.000000000000000000e+00	0.000000000000000000e+00
nan	0.000000000000000000e+00	0.000000000000000000e+00	0.000000000000000000e+00	0.000000000000000000e+00	0.000000000000000000e+00	0.000000000000000000e+00
nan	0.000000000000000000e+00	0.000000000000000000e+00	0.000000000000000000e+00	0.000000000000000000e+00	0.000000000000000000e+00	0.000000000000000000e+00
nan	0.000000000000000000e+00	0.000000000000000000e+00	0.000000000000000000e+00	0.000000000000000000e+00	0.000000000000000000e+00	0.000000000000000000e+00
nan	0.000000000000000000e+00	0.000000000000000000e+00	0.000000000000000000e+00	0.000000000000000000e+00	0.000000000000000000e+00	0.000000000000000000e+00
nan	0.000000000000000000e+00	0.000000000000000000e+00	0.000000000000000000e+00	0.000000000000000000e+00	0.000000000000000000e+00	0.000000000000000000e+00
nan	0.000000000000000000e+00	0.000000000000000000e+00	0.000000000000000000e+00	0.000000000000000000e+00	0.000000000000000000e+00	0.000000000000000000e+00
nan	0.000000000000000000e+00	0.000000000000000000e+00	0.000000000000000000e+00	0.000000000000000000e+00	0.000000000000000000e+00	0.000000000000000000e+00
nan	0.000000000000000000e+00	0.000000000000000000e+00	0.000000000000000000e+00	0.000000000000000000e+00	0.000000000000000000e+00	0.000000000000000000e+00
nan	0.000000000000000000e+00	0.000000000000000000e+00	0.000000000000000000e+00	0.000000000000000000e+00	0.000000000000000000e+00	0.000000000000000000e+00
nan	0.000000000000000000e+00	0.000000000000000000e+00	0.000000000000000000e+00	0.000000000000000000e+00	0.000000000000000000e+00	0.000000000000000000e+00
nan	0.000000000000000000e+00	0.000000000000000000e+00	0.000000000000000000e+00	0.000000000000000000e+00	0.000000000000000000e+00	0.000000000000000000e+00
nan	0.000000000000000000e+00	0.000000000000000000e+00	0.000000000000000000e+00	0.000000000000000000e+00	0.000000000000000000e+00	0.000000000000000000e+00
nan	0.000000000000000000e+00	0.000000000000000000e+00	0.000000000000000000e+00	0.000000000000000000e+00	0.000000000000000000e+00	0.000000000000000000e+00
nan	0.000000000000000000e+00	0.000000000000000000e+00	0.000000000000000000e+00	0.000000000000000000e+00	0.000000000000000000e+00	0.000000000000000000e+00
nan	0.000000000000000000e+00	0.000000000000000000e+00	0.000000000000000000e+00	0.000000000000000000e+00	0.000000000000000000e+00	0.000000000000000000e+00
nan	0.000000000000000000e+00	0.000000000000000000e+00	0.000000000000000000e+00	0.000000000000000000e+00	0.000000000000000000e+00	0.000000000000000000e+00
nan	0.000000000000000000e+00	0.000000000000000000e+00	0.000000000000000000e+00	0.000000000000000000e+00	0.000000000000000000e+00	0.000000000000000000e+00
nan	0.000000000000000000e+00	0.000000000000000000e+00	0.000000000000000000e+00	0.000000000000000000e+00	0.000000000000000000e+00	0.000000000000000000e+00
nan	0.000000000000000000e+00	0.000000000000000000e+00	0.000000000000000000e+00	0.000000000000000000e+00	0.000000000000000000e+00	0.000000000000000000e+00
nan	9.500000000000000000e+00	9.499999999999999764e-03	nan	4.836778963724584768e-02	1.028082542293151436e+00	3.985626612917764211e-01
nan	4.050000000000000000e+01	4.050000000000000128e-02	nan	5.939285694539259836e-02	1.081317963243556779e+00	1.018348508738954994e+00
nan	8.650000000000000000e+01	8.649999999999999356e-02	nan	6.295240762901956055e-02	1.190520247417269362e+00	1.751162219300669953e+00
nan	1.887500000000000000e+02	1.887499999999999734e-01	nan	7.089723369540124054e-02	8.428321875472881697e-01	5.946069572966297123e-01
nan	6.182500000000000000e+02	6.182499999999999662e-01	nan	8.393620629867726279e-02	1.015602920569649292e+00	3.366597532211885735e-01
nan	2.388750000000000000e+03	2.388749999999999929e+00	nan	9.617636000945140040e-02	9.715861788596255044e-01	5.404480157662949757e-01
nan	6.040250000000000000e+03	6.040250000000000341e+00	nan	9.557937429227081338e-02	1.011851498538775873e+00	1.036439998534552487e+00
nan	9.620250000000000000e+03	9.620250000000000412e+00	nan	1.013975115633414248e-01	1.053694803189233031e+00	1.945493099016539329e+00
nan	1.157300000000000000e+04	1.157299999999999862e+01	nan	1.021713479360251142e-01	1.039830000445716607e+00	2.224368000694484149e+00
nan	1.214350000000000000e+04	1.214349999999999952e+01	nan	1.047039643842850865e-01	1.086167117622861333e+00	2.217019286833288305e+00
nan	1.230925000000000000e+04	1.230925000000000047e+01	nan	1.075059936055708931e-01	1.051630801103707435e+00	2.195010154442341932e+00
nan	1.224125000000000000e+04	1.224124999999999908e+01	nan	1.082300384784815606e-01	1.055293798510941627e+00	2.190879910096033889e+00
nan	1.232700000000000000e+04	1.232700000000000173e+01	nan	1.110910859467111322e-01	1.081121121301581223e+00	1.970599433142698587e+00
nan	1.200400000000000000e+04	1.200399999999999956e+01	nan	1.133307249380699488e-01	1.013392993041554835e+00	2.119403420818345651e+00
nan	1.204475000000000000e+04	1.204474999999999874e+01	nan	1.151323193830506852e-01	1.003572172667682505e+00	2.018832961898251455e+00
nan	1.191575000000000000e+04	1.191574999999999918e+01	nan	1.151912548120002100e-01	9.932365492963524112e-01	2.010525670840981327e+00
nan	1.196400000000000000e+04	1.196400000000000041e+01	nan	1.192645477065816806e-01	1.037972479677616633e+00	1.932418274534199565e+00
nan	1.196950000000000000e+04	1.196950000000000003e+01	nan	1.211679434718817561e-01	9.953890680859545093e-01	1.845247929025155331e+00
nan	1.187475000000000000e+04	1.187474999999999881e+01	nan	1.224447390057470386e-01	1.054330535787270762e+00	1.933871441166110872e+00
nan	1.185975000000000000e+04	1.185975000000000001e+01	nan	1.242238874176884167e-01	1.017870771471405700e+00	1.622357624513305119e+00
nan	1.184500000000000000e+04	1.184500000000000064e+01	nan	1.273939388934977046e-01	1.094937695940884748e+00	1.860733223592173857e+00
nan	1.177975000000000000e+04	1.177974999999999994e+01	nan	1.293484177994272954e-01	1.022261923873924561e+00	1.792426704837572826e+00
nan	1.187775000000000000e+04	1.187774999999999892e+01	nan	1.306198641187421572e-01	1.065671488873133121e+00	1.803251718437037354e+00
nan	1.186150000000000000e+04	1.186150000000000126e+01	nan	1.306766499969427286e-01	1.029064032787422089e+00	1.757601898158939191e+00
nan	1.177725000000000000e+04	1.177725000000000044e+01	nan	1.237605298941605869e-01	9.920939945321997078e-01	1.842642668302598707e+00
nan	1.193625000000000000e+04	1.193625000000000114e+01	nan	1.374912080769306044e-01	1.023392662859621494e+00	1.903604078235202168e+00
nan	1.176100000000000000e+04	1.176099999999999923e+01	nan	1.391653618061639008e-01	1.025279368223928511e+00	1.800910452160338293e+00
nan	1.182550000000000000e+04	1.182550000000000168e+01	nan	1.409589657023602172e-01	1.079256233817019295e+00	1.735191379144310542e+00
nan	1.197425000000000000e+04	1.197424999999999962e+01	nan	1.430872654401511568e-01	1.061557515953342801e+00	1.666199721008978951e+00
nan	1.182075000000000000e+04	1.182075000000000031e+01	nan	1.443587863572659558e-01	1.011966434015948435e+00	1.700831400914562419e+00
nan	1.166550000000000000e+04	1.166550000000000153e+01	nan	1.464114002622380895e-01	1.087964326050094410e+00	1.674830838947812595e+00
nan	1.170550000000000000e+04	1.170549999999999891e+01	nan	1.495350308615357449e-01	1.026355359070824758e+00	1.622043382486541008e+00
nan	1.154475000000000000e+04	1.154474999999999874e+01	nan	1.508173724493886425e-01	1.046696429149937435e+00	1.800603231838779017e+00
nan	1.147525000000000000e+04	1.147524999999999906e+01	nan	1.525964130703982846e-01	1.050945741167609748e+00	1.527927306091914961e+00
nan	1.143150000000000000e+04	1.143149999999999977e+01	nan	1.549877610631682501e-01	1.046984206783281746e+00	1.623712546066094387e+00
nan	1.141275000000000000e+04	1.141274999999999906e+01	nan	1.571578736387877484e-01	1.049872197661962048e+00	1.646890657567153582e+00
nan	1.131900000000000000e+04	1.131900000000000084e+01	nan	1.590106980510768153e-01	1.063128639480188653e+00	1.673155422066996856e+00
nan	1.121475000000000000e+04	1.121475000000000044e+01	nan	1.614079996373973813e-01	1.088653370236161155e+00	1.438952599549940814e+00
nan	1.108900000000000000e+04	1.108900000000000041e+01	nan	1.630103465690595499e-01	1.046752458297916411e+00	1.681161483444015836e+00
nan	1.084950000000000000e+04	1.084949999999999903e+01	nan	1.652625222764143587e-01	1.057947144679434626e+00	1.646863177739979367e+00
nan	1.069650000000000000e+04	1.069649999999999856e+01	nan	1.671831401095005276e-01	1.089733699943398637e+00	1.595286222601579817e+00
nan	1.041175000000000000e+04	1.041174999999999962e+01	nan	1.673853827150679763e-01	1.010248078724811815e+00	1.491075641183976730e+00
nan	1.015450000000000000e+04	1.015449999999999875e+01	nan	1.708977690113115955e-01	1.067869157684814496e+00	1.585392293842504241e+00
nan	1.000700000000000000e+04	1.000699999999999967e+01	nan	1.727578976774353237e-01	1.073535300719086649e+00	1.530320883831631118e+00
nan	9.508750000000000000e+03	9.508749999999999147e+00	nan	1.742534727280116158e-01	1.017196355251439588e+00	1.447818853451575905e+00
nan	9.182500000000000000e+03	9.182499999999999218e+00	nan	1.762337435486429627e-01	1.025046038140210891e+00	1.518816128327888482e+00
nan	8.780000000000000000e+03	8.780000000000001137e+00	nan	1.760806258591074425e-01	1.120988846680128326e+00	1.523661046489982240e+00
nan	8.430750000000000000e+03	8.430749999999999744e+00	nan	1.807017537496520276e-01	1.056856705046349543e+00	1.515810025002084949e+00
nan	7.782000000000000000e+03	7.782000000000000028e+00	nan	1.811508361323035388e-01	1.108606614529809686e+00	1.475291561289939768e+00
nan	7.012000000000000000e+03	7.012000000000000455e+00	nan	1.697877042732137687e-01	1.021682230741175257e+00	1.482521386069632019e+00
nan	6.396000000000000000e+03	6.395999999999999908e+00	nan	1.839577948583794864e-01	1.054751103648745358e+00	1.513561935961948102e+00
nan	5.453000000000000000e+03	5.452999999999999403e+00	nan	1.862337449988018534e-01	1.053144535776631585e+00	1.435311664887197747e+00
nan	4.687500000000000000e+03	4.687500000000000000e+00	nan	1.896924693553856400e-01	1.018715888296034766e+00	1.415100971907608862e+00
nan	3.901000000000000000e+03	3.900999999999999801e+00	nan	1.908140751173093008e-01	1.013627607899278971e+00	1.432271504296799947e+00
nan	3.233500000000000000e+03	3.233499999999999819e+00	nan	1.932610059001333980e-01	1.042417956248897992e+00	1.472886446131191907e+00
nan	2.464750000000000000e+03	2.464749999999999552e+00	nan	1.938286171617491505e-01	9.978643016578478964e-01	1.451376592540138954e+00
nan	1.842750000000000000e+03	1.842750000000000110e+00	nan	1.926122698147523238e-01	1.106499724436084353e+00	1.303133718465264934e+00
nan	1.202750000000000000e+03	1.202749999999999986e+00	nan	1.953966691102024811e-01	1.012609789952956474e+00	9.956425454414534748e-01
nan	7.272500000000000000e+02	7.272499999999999520e-01	nan	1.963198300779751548e-01	9.051993493004232283e-01	8.945806656017856184e-01
nan	3.970000000000000000e+02	3.970000000000000195e-01	nan	1.872190714406229972e-01	9.210214132035148271e-01	7.875800128071550610e-01
nan	1.960000000000000000e+02	1.960000000000000075e-01	nan	1.761793582482411580e-01	9.071072497895160680e-01	6.712053291248520903e-01
nan	8.625000000000000000e+01	8.625000000000000722e-02	nan	1.428281701317183627e-01	1.221342543068054898e+00	8.923598612593136581e-01
nan	4.200000000000000000e+01	4.200000000000000261e-02	nan	1.401806492459650999e-01	1.166298466884936103e+00	8.033146336070794424e-01
nan	1.725000000000000000e+01	1.725000000000000144e-02	nan	1.463805135761207243e-01	1.030838120625140020e+00	7.953351755752597896e-01
nan	5.750000000000000000e+00	5.749999999999999903e-03	nan	1.300442307211332471e-01	8.664747904772998055e-01	3.564054013261100939e-01
nan	nan	nan	nan	nan	nan	nan
nan	nan	nan	nan	nan	nan	nan
nan	0.000000000000000000e+00	0.000000000000000000e+00	0.000000000000000000e+00	0.000000000000000000e+00	0.000000000000000000e+00	0.000000000000000000e+00
nan	0.000000000000000000e+00	0.000000000000000000e+00	0.000000000000000000e+00	0.000000000000000000e+00	0.000000000000000000e+00	0.000000000000000000e+00
nan	0.000000000000000000e+00	0.000000000000000000e+00	0.000000000000000000e+00	0.000000000000000000e+00	0.000000000000000000e+00	0.000000000000000000e+00
nan	0.000000000000000000e+00	0.000000000000000000e+00	0.000000000000000000e+00	0.000000000000000000e+00	0.000000000000000000e+00	0.000000000000000000e+00
nan	0.000000000000000000e+00	0.000000000000000000e+00	0.000000000000000000e+00	0.000000000000000000e+00	0.000000000000000000e+00	0.000000000000000000e+00
nan	0.000000000000000000e+00	0.000000000000000000e+00	0.000000000000000000e+00	0.000000000000000000e+00	0.000000000000000000e+00	0.000000000000000000e+00
nan	0.000000000000000000e+00	0.000000000000000000e+00	0.000000000000000000e+00	0.000000000000000000e+00	0.000000000000000000e+00	0.000000000000000000e+00
nan	0.000000000000000000e+00	0.000000000000000000e+00	0.000000000000000000e+00	0.000000000000000000e+00	0.000000000000000000e+00	0.000000000000000000e+00
nan	0.000000000000000000e+00	0.000000000000000000e+00	0.000000000000000000e+00	0.000000000000000000e+00	0.000000000000000000e+00	0.000000000000000000e+00
nan	0.000000000000000000e+00	0.000000000000000000e+00	0.000000000000000000e+00	0.000000000000000000e+00	0.000000000000000000e+00	0.000000000000000000e+00
nan	0.000000000000000000e+00	0.000000000000000000e+00	0.000000000000000000e+00	0.000000000000000000e+00	0.000000000000000000e+00	0.000000000000000000e+00
nan	0.000000000000000000e+00	0.000000000000000000e+00	0.000000000000000000e+00	0.000000000000000000e+00	0.000000000000000000e+00	0.000000000000000000e+00
nan	0.000000000000000000e+00	0.000000000000000000e+00	0.000000000000000000e+00	0.000000000000000000e+00	0.000000000000000000e+00	0.000000000000000000e+00
nan	0.000000000000000000e+00	0.000000000000000000e+00	0.000000000000000000e+00	0.000000000000000000e+00	0.000000000000000000e+00	0.000000000000000000e+00
