# SourcePhotonFlux	NumberRaysSurvived	PercentageRaysSurvived	PhotonFlux	Bandwidth	HorizontalFocusFWHM	VerticalFocusFWHM
nan	0.000000000000000000e+00	0.000000000000000000e+00	0.000000000000000000e+00	0.000000000000000000e+00	0.000000000000000000e+00	0.000000000000000000e+00
nan	0.000000000000000000e+00	0.000000000000000000e+00	0.000000000000000000e+00	0.000000000000000000e+00	0.000000000000000000e+00	0.000000000000000000e+00
nan	0.000000000000000000e+00	0.000000000000000000e+00	0.000000000000000000e+00	0.000000000000000000e+00	0.000000000000000000e+00	0.000000000000000000e+00
nan	0.000000000000000000e+00	0.000000000000000000e+00	0.000000000000000000e+00	0.000000000000000000e+00	0.000000000000000000e+00	0.000000000000000000e+00
nan	0.000000000000000000e+00	0.000000000000000000e+00	0.000000000000000000e+00	0.000000000000000000e+00	0.000000000000000000e+00	0.000000000000000000e+00
nan	0.000000000000000000e+00	0.000000000000000000e+00	0.000000000000000000e+00	0.000000000000000000e+00	0.000000000000000000e+00	0.000000000000000000e+00
nan	0.000000000000000000e+00	0.000000000000000000e+00	0.000000000000000000e+00	0.000000000000000000e+00	0.000000000000000000e+00	0.000000000000000000e+00
nan	0.000000000000000000e+00	0.000000000000000000e+00	0.000000000000000000e+00	0.000000000000000000e+00	0.000000000000000000e+00	0.000000000000000000e+00
nan	0.000000000000000000e+00	0.000000000000000000e+00	0.000000000000000000e+00	0.000000000000000000e+00	0.000000000000000000e+00	0.000000000000000000e+00
nan	0.000000000000000000e+00	0.000000000000000000e+00	0.000000000000000000e+00	0.000000000000000000e+00	0.000000000000000000e+00	0.000000000000000000e+00
nan	0.000000000000000000e+00	0.000000000000000000e+00	0.000000000000000000e+00	0.000000000000000000e+00	0.000000000000000000e+00	0.000000000000000000e+00
nan	0.000000000000000000e+00	0.000000000000000000e+00	0.000000000000000000e+00	0.000000000000000000e+00	0.000000000000000000e+00	0.000000000000000000e+00
nan	0.000000000000000000e+00	0.000000000000000000e+00	0.000000000000000000e+00	0.000000000000000000e+00	0.000000000000000000e+00	0.000000000000000000e+00
nan	0.000000000000000000e+00	0.000000000000000000e+00	0.000000000000000000e+00	0.000000000000000000e+00	0.000000000000000000e+00	0.000000000000000000e+00
nan	0.000000000000000000e+00	0.000000000000000000e+00	0.000000000000000000e+00	0.000000000000000000e+00	0.000000000000000000e+00	0.000000000000000000e+00
nan	0.000000000000000000e+00	0.000000000000000000e+00	0.000000000000000000e+00	0.000000000000000000e+00	0.000000000000000000e+00	0.000000000000000000e+00
nan	0.000000000000000000e+00	0.000000000000000000e+00	0.000000000000000000e+00	0.000000000000000000e+00	0.000000000000000000e+00	0.000000000000000000e+00
nan	0.000000000000000000e+00	0.000000000000000000e+00	0.000000000000000000e+00	0.000000000000000000e+00	0.000000000000000000e+00	0.000000000000000000e+00
nan	0.000000000000000000e+00	0.000000000000000000e+00	0.000000000000000000e+00	0.000000000000000000e+00	0.000000000000000000e+00	0.000000000000000000e+00
nan	0.000000000000000000e+00	0.000000000000000000e+00	0.000000000000000000e+00	0.000000000000000000e+00	0.000000000000000000e+00	0.000000000000000000e+00
nan	0.000000000000000000e+00	0.000000000000000000e+00	0.000000000000000000e+00	0.000000000000000000e+00	0.000000000000000000e+00	0.000000000000000000e+00
nan	0.000000000000000000e+00	0.000000000000000000e+00	0.000000000000000000e+00	0.000000000000000000e+00	0.000000000000000000e+00	0.000000000000000000e+00
nan	0.000000000000000000e+00	0.000000000000000000e+00	0.000000000000000000e+00	0.000000000000000000e+00	0.000000000000000000e+00	0.000000000000000000e+00
nan	0.000000000000000000e+00	0.000000000000000000e+00	0.000000000000000000e+00	0.000000000000000000e+00	0.000000000000000000e+00	0.000000000000000000e+00
nan	0.000000000000000000e+00	0.000000000000000000e+00	0.000000000000000000e+00	0.000000000000000000e+00	0.000000000000000000e+00	0.000000000000000000e+00
nan	0.000000000000000000e+00	0.000000000000000000e+00	0.000000000000000000e+00	0.000000000000000000e+00	0.000000000000000000e+00	0.000000000000000000e+00
nan	0.000000000000000000e+00	0.000000000000000000e+00	0.000000000000000000e+00	0.000000000000000000e+00	0.000000000000000000e+00	0.000000000000000000e+00
nan	8.125000000000000000e-01	8.125000000000000711e-04	nan	1.199154698442674374e-02	2.471066820756759597e-01	4.084828446205892444e-02
nan	1.536250000000000000e+02	1.536250000000000115e-01	nan	2.271920296765728153e-02	2.356022010127006849e-01	5.682485847147178415e-02
nan	1.444250000000000000e+03	1.444249999999999812e+00	nan	2.420838016171700247e-02	2.471600718420989828e-01	1.091883637549772024e-01
nan	4.613000000000000000e+03	4.612999999999999545e+00	nan	2.492895710184583891e-02	2.706115950700608841e-01	2.664921775924170566e-01
nan	7.691937500000000000e+03	7.691937499999999872e+00	nan	2.547079382355565969e-02	2.606631412240990042e-01	4.910494255044176581e-01
nan	9.069875000000000000e+03	9.069874999999999687e+00	nan	2.559518183384579260e-02	2.695473701243485398e-01	5.287092701298946595e-01
nan	9.339125000000000000e+03	9.339124999999999233e+00	nan	2.634672722746245199e-02	2.512420156604028287e-01	5.111084839225737975e-01
nan	9.357062500000000000e+03	9.357062499999999616e+00	nan	2.694178166582172906e-02	2.716405982932671437e-01	5.176763621740317900e-01
nan	9.353062500000000000e+03	9.353062500000000057e+00	nan	2.746463931037634865e-02	2.693097060028912804e-01	5.092514186629416573e-01
nan	9.203375000000000000e+03	9.203375000000001194e+00	nan	2.791013005026687921e-02	2.606918751573364390e-01	4.948030930863592247e-01
nan	9.165750000000000000e+03	9.165749999999999176e+00	nan	2.837983441908864535e-02	2.611457008061706109e-01	4.787348330102250138e-01
nan	9.084062500000000000e+03	9.084062499999999929e+00	nan	2.823275890654208808e-02	2.711386035714533627e-01	4.733922919505051952e-01
nan	9.032812500000000000e+03	9.032812500000000355e+00	nan	2.934233608440006691e-02	2.768225503724161540e-01	4.689142826420871768e-01
nan	8.984437500000000000e+03	8.984437500000000298e+00	nan	2.994554317701059176e-02	2.718302235882428253e-01	4.734884840020464614e-01
nan	9.003187500000000000e+03	9.003187500000001009e+00	nan	3.042300529243036067e-02	2.640818940341182475e-01	4.576977957661210183e-01
nan	8.967875000000000000e+03	8.967875000000001151e+00	nan	3.095058318380328188e-02	2.741028296275776488e-01	4.796410833180148603e-01
nan	8.982062500000000000e+03	8.982062499999999616e+00	nan	3.079106820806565281e-02	2.758107445182666484e-01	4.608846006940996998e-01
nan	8.909500000000000000e+03	8.909499999999999531e+00	nan	3.193940685084317721e-02	2.648155601131976233e-01	4.642384664175220887e-01
nan	8.916000000000000000e+03	8.916000000000000369e+00	nan	3.232494032105392989e-02	2.649791550056059264e-01	4.772950776781732518e-01
nan	8.938187500000000000e+03	8.938187499999999730e+00	nan	3.294111585666747999e-02	2.717199493427678858e-01	4.343391104900207744e-01
nan	8.939250000000000000e+03	8.939249999999999474e+00	nan	3.344238141490762928e-02	2.614668659208845836e-01	4.522785375490970261e-01
nan	8.907625000000000000e+03	8.907624999999999460e+00	nan	3.384483224351342301e-02	2.657612296347349745e-01	4.506566552180374385e-01
nan	8.911500000000000000e+03	8.911500000000000199e+00	nan	3.443323451224955534e-02	2.724356977653833445e-01	4.330089978438148579e-01
nan	8.930000000000000000e+03	8.929999999999999716e+00	nan	3.465029899582638961e-02	2.694123704487890736e-01	4.350045026609915544e-01
nan	8.952250000000000000e+03	8.952249999999999375e+00	nan	3.536773739771525982e-02	2.697793329060770295e-01	4.253276064109685617e-01
nan	8.952000000000000000e+03	8.952000000000001734e+00	nan	3.583536642540074979e-02	2.618384852601148838e-01	4.094317866874975786e-01
nan	8.886937500000000000e+03	8.886937500000000156e+00	nan	3.639211591327473627e-02	2.779200577728581645e-01	4.306172782502586949e-01
nan	8.849375000000000000e+03	8.849374999999998437e+00	nan	3.680799333815087948e-02	2.556783420325403067e-01	4.359801185047925687e-01
nan	8.757812500000000000e+03	8.757812500000000000e+00	nan	3.739898269039265699e-02	2.719499930808349508e-01	4.331882993686999583e-01
nan	8.712875000000000000e+03	8.712875000000000369e+00	nan	3.794855689737985927e-02	2.554383188338264499e-01	4.182838338090189567e-01
nan	8.688125000000000000e+03	8.688124999999999432e+00	nan	3.830893433640980561e-02	2.672711295856223801e-01	4.212674821293231897e-01
nan	8.642937500000000000e+03	8.642937499999998607e+00	nan	3.883389078495191882e-02	2.684125197313831368e-01	3.974222336075530770e-01
nan	8.562250000000000000e+03	8.562250000000000583e+00	nan	3.936342513493507056e-02	2.692170878344349316e-01	4.059117822254570962e-01
nan	8.566125000000000000e+03	8.566124999999999545e+00	nan	3.992006312060603079e-02	2.572880001215436252e-01	4.122878246592392437e-01
nan	8.506000000000000000e+03	8.506000000000000227e+00	nan	4.015330538333472532e-02	2.706631248018158131e-01	3.951281650710221083e-01
nan	8.358437500000000000e+03	8.358437500000000853e+00	nan	4.092539171288223088e-02	2.540059038847460315e-01	3.777151512653774135e-01
nan	8.216062500000000000e+03	8.216062500000001378e+00	nan	4.111366669617311231e-02	2.717270794036006354e-01	4.015796635625068500e-01
nan	8.040125000000000000e+03	8.040124999999999744e+00	nan	4.138252315654256108e-02	2.575675608790102822e-01	3.771973470364993197e-01
nan	7.869312500000000000e+03	7.869312499999999488e+00	nan	4.225177008531311174e-02	2.612277446546968362e-01	3.802683212232226828e-01
nan	7.723000000000000000e+03	7.722999999999998977e+00	nan	4.220185675894860822e-02	2.535535316714412346e-01	3.768078210901262826e-01
nan	7.588687500000000000e+03	7.588687499999998920e+00	nan	4.338498316875316618e-02	2.557624605530210982e-01	3.723363154664641739e-01
nan	7.238625000000000000e+03	7.238624999999998977e+00	nan	4.376925050926061544e-02	2.674907689587401327e-01	3.835906040153201912e-01
nan	6.965375000000000000e+03	6.965374999999999872e+00	nan	4.440000987586145698e-02	2.718025201298983617e-01	3.711139382861762259e-01
nan	6.655062500000000000e+03	6.655062499999999659e+00	nan	4.453345042394829534e-02	2.614194881703012507e-01	3.802491601827783230e-01
nan	6.373437500000000000e+03	6.373437499999999645e+00	nan	4.539893097613934003e-02	2.625720350523308988e-01	3.793084818773519995e-01
nan	5.867062500000000000e+03	5.867062500000001180e+00	nan	4.544029853390085805e-02	2.742499335270897065e-01	3.676905110183172898e-01
nan	5.333062500000000000e+03	5.333062500000000483e+00	nan	4.630706048146038256e-02	2.612677198894924890e-01	3.607718892540062727e-01
nan	4.853937500000000000e+03	4.853937499999999794e+00	nan	4.679975774312339354e-02	2.679209000460709977e-01	3.504976687962575443e-01
nan	4.133000000000000000e+03	4.132999999999999119e+00	nan	4.730809242302846940e-02	2.513138111695535915e-01	3.737054858045879557e-01
nan	3.546250000000000000e+03	3.546250000000000124e+00	nan	4.768609438441195891e-02	2.711557500518542163e-01	3.666305639115317039e-01
nan	2.940437500000000000e+03	2.940437499999999815e+00	nan	4.817788345568629893e-02	2.489215651856965528e-01	3.513825238457879419e-01
nan	2.427062500000000000e+03	2.427062499999999901e+00	nan	4.870685700351629066e-02	2.568790602703130976e-01	3.586964298050020483e-01
nan	1.896562500000000000e+03	1.896562499999999929e+00	nan	4.901183322751379023e-02	2.605234576058238494e-01	3.757833010195519297e-01
nan	1.354937500000000000e+03	1.354937499999999906e+00	nan	4.827565220566931714e-02	2.679413935995563212e-01	3.266458117715131948e-01
nan	9.046250000000000000e+02	9.046250000000000124e-01	nan	4.988104864737863409e-02	2.512781305004178067e-01	2.854627649781737997e-01
nan	5.220000000000000000e+02	5.220000000000000195e-01	nan	5.001983374087082268e-02	2.697338618437292723e-01	2.121742150959748940e-01
nan	2.798125000000000000e+02	2.798125000000000195e-01	nan	4.760347076306992165e-02	2.560102413211824413e-01	2.453201244562877026e-01
nan	1.320625000000000000e+02	1.320624999999999993e-01	nan	4.930555375758416403e-02	2.484839334091657470e-01	1.402666040031881334e-01
nan	5.862500000000000000e+01	5.862499999999999656e-02	nan	4.742790213123626586e-02	2.457051504518414919e-01	1.709607905040771980e-01
nan	2.075000000000000000e+01	2.074999999999999761e-02	nan	3.567159911317634158e-02	2.998008877868879596e-01	1.393666757885766438e-01
nan	8.312500000000000000e+00	8.312500000000000444e-03	nan	3.578562747099624242e-02	3.007128635257945160e-01	1.224936629224305656e-01
nan	1.875000000000000000e+00	1.874999999999999931e-03	nan	3.584767237423679143e-02	2.807214807766024722e-01	1.046274654466841370e-01
nan	nan	nan	nan	nan	nan	nan
nan	0.000000000000000000e+00	0.000000000000000000e+00	0.000000000000000000e+00	0.000000000000000000e+00	0.000000000000000000e+00	0.000000000000000000e+00
nan	0.000000000000000000e+00	0.000000000000000000e+00	0.000000000000000000e+00	0.000000000000000000e+00	0.000000000000000000e+00	0.000000000000000000e+00
nan	0.000000000000000000e+00	0.000000000000000000e+00	0.000000000000000000e+00	0.000000000000000000e+00	0.000000000000000000e+00	0.000000000000000000e+00
nan	0.000000000000000000e+00	0.000000000000000000e+00	0.000000000000000000e+00	0.000000000000000000e+00	0.000000000000000000e+00	0.000000000000000000e+00
nan	0.000000000000000000e+00	0.000000000000000000e+00	0.000000000000000000e+00	0.000000000000000000e+00	0.000000000000000000e+00	0.000000000000000000e+00
nan	0.000000000000000000e+00	0.000000000000000000e+00	0.000000000000000000e+00	0.000000000000000000e+00	0.000000000000000000e+00	0.000000000000000000e+00
nan	0.000000000000000000e+00	0.000000000000000000e+00	0.000000000000000000e+00	0.000000000000000000e+00	0.000000000000000000e+00	0.000000000000000000e+00
nan	0.000000000000000000e+00	0.000000000000000000e+00	0.000000000000000000e+00	0.000000000000000000e+00	0.000000000000000000e+00	0.000000000000000000e+00
nan	0.000000000000000000e+00	0.000000000000000000e+00	0.000000000000000000e+00	0.000000000000000000e+00	0.000000000000000000e+00	0.000000000000000000e+00
nan	0.000000000000000000e+00	0.000000000000000000e+00	0.000000000000000000e+00	0.000000000000000000e+00	0.000000000000000000e+00	0.000000000000000000e+00
nan	0.000000000000000000e+00	0.000000000000000000e+00	0.000000000000000000e+00	0.000000000000000000e+00	0.000000000000000000e+00	0.000000000000000000e+00
nan	0.000000000000000000e+00	0.000000000000000000e+00	0.000000000000000000e+00	0.000000000000000000e+00	0.000000000000000000e+00	0.000000000000000000e+00
nan	0.000000000000000000e+00	0.000000000000000000e+00	0.000000000000000000e+00	0.000000000000000000e+00	0.000000000000000000e+00	0.000000000000000000e+00
nan	0.000000000000000000e+00	0.000000000000000000e+00	0.000000000000000000e+00	0.000000000000000000e+00	0.000000000000000000e+00	0.000000000000000000e+00
nan	0.000000000000000000e+00	0.000000000000000000e+00	0.000000000000000000e+00	0.000000000000000000e+00	0.000000000000000000e+00	0.000000000000000000e+00
nan	0.000000000000000000e+00	0.000000000000000000e+00	0.000000000000000000e+00	0.000000000000000000e+00	0.000000000000000000e+00	0.000000000000000000e+00
nan	0.000000000000000000e+00	0.000000000000000000e+00	0.000000000000000000e+00	0.000000000000000000e+00	0.000000000000000000e+00	0.000000000000000000e+00
nan	0.000000000000000000e+00	0.000000000000000000e+00	0.000000000000000000e+00	0.000000000000000000e+00	0.000000000000000000e+00	0.000000000000000000e+00
nan	0.000000000000000000e+00	0.000000000000000000e+00	0.000000000000000000e+00	0.000000000000000000e+00	0.000000000000000000e+00	0.000000000000000000e+00
nan	0.000000000000000000e+00	0.000000000000000000e+00	0.000000000000000000e+00	0.000000000000000000e+00	0.000000000000000000e+00	0.000000000000000000e+00
nan	0.000000000000000000e+00	0.000000000000000000e+00	0.000000000000000000e+00	0.000000000000000000e+00	0.000000000000000000e+00	0.000000000000000000e+00
nan	0.000000000000000000e+00	0.000000000000000000e+00	0.000000000000000000e+00	0.000000000000000000e+00	0.000000000000000000e+00	0.000000000000000000e+00
nan	0.000000000000000000e+00	0.000000000000000000e+00	0.000000000000000000e+00	0.000000000000000000e+00	0.000000000000000000e+00	0.000000000000000000e+00
nan	0.000000000000000000e+00	0.000000000000000000e+00	0.000000000000000000e+00	0.000000000000000000e+00	0.000000000000000000e+00	0.000000000000000000e+00
nan	0.000000000000000000e+00	0.000000000000000000e+00	0.000000000000000000e+00	0.000000000000000000e+00	0.000000000000000000e+00	0.000000000000000000e+00
nan	0.000000000000000000e+00	0.000000000000000000e+00	0.000000000000000000e+00	0.000000000000000000e+00	0.000000000000000000e+00	0.000000000000000000e+00
nan	0.000000000000000000e+00	0.000000000000000000e+00	0.000000000000000000e+00	0.000000000000000000e+00	0.000000000000000000e+00	0.000000000000000000e+00
nan	0.000000000000000000e+00	0.000000000000000000e+00	0.000000000000000000e+00	0.000000000000000000e+00	0.000000000000000000e+00	0.000000000000000000e+00
nan	0.000000000000000000e+00	0.000000000000000000e+00	0.000000000000000000e+00	0.000000000000000000e+00	0.000000000000000000e+00	0.000000000000000000e+00
nan	0.000000000000000000e+00	0.000000000000000000e+00	0.000000000000000000e+00	0.000000000000000000e+00	0.000000000000000000e+00	0.000000000000000000e+00
nan	0.000000000000000000e+00	0.000000000000000000e+00	0.000000000000000000e+00	0.000000000000000000e+00	0.000000000000000000e+00	0.000000000000000000e+00
nan	0.000000000000000000e+00	0.000000000000000000e+00	0.000000000000000000e+00	0.000000000000000000e+00	0.000000000000000000e+00	0.000000000000000000e+00
nan	0.000000000000000000e+00	0.000000000000000000e+00	0.000000000000000000e+00	0.000000000000000000e+00	0.000000000000000000e+00	0.000000000000000000e+00
nan	0.000000000000000000e+00	0.000000000000000000e+00	0.000000000000000000e+00	0.000000000000000000e+00	0.000000000000000000e+00	0.000000000000000000e+00
nan	0.000000000000000000e+00	0.000000000000000000e+00	0.000000000000000000e+00	0.000000000000000000e+00	0.000000000000000000e+00	0.000000000000000000e+00
nan	0.000000000000000000e+00	0.000000000000000000e+00	0.000000000000000000e+00	0.000000000000000000e+00	0.000000000000000000e+00	0.000000000000000000e+00
nan	0.000000000000000000e+00	0.000000000000000000e+00	0.000000000000000000e+00	0.000000000000000000e+00	0.000000000000000000e+00	0.000000000000000000e+00
nan	0.000000000000000000e+00	0.000000000000000000e+00	0.000000000000000000e+00	0.000000000000000000e+00	0.000000000000000000e+00	0.000000000000000000e+00
nan	0.000000000000000000e+00	0.000000000000000000e+00	0.000000000000000000e+00	0.000000000000000000e+00	0.000000000000000000e+00	0.000000000000000000e+00
nan	0.000000000000000000e+00	0.000000000000000000e+00	0.000000000000000000e+00	0.000000000000000000e+00	0.000000000000000000e+00	0.000000000000000000e+00
nan	0.000000000000000000e+00	0.000000000000000000e+00	0.000000000000000000e+00	0.000000000000000000e+00	0.000000000000000000e+00	0.000000000000000000e+00
nan	0.000000000000000000e+00	0.000000000000000000e+00	0.000000000000000000e+00	0.000000000000000000e+00	0.000000000000000000e+00	0.000000000000000000e+00
nan	2.125000000000000000e+00	2.125000000000000153e-03	nan	1.572545380348716951e-02	2.174922841304752774e-01	9.534790207137845697e-02
nan	1.570625000000000000e+02	1.570624999999999938e-01	nan	2.065535516693906004e-02	2.323615092046507624e-01	6.924248935851184950e-02
nan	1.423000000000000000e+03	1.423000000000000043e+00	nan	2.347447884801301399e-02	2.655847763405785322e-01	1.161294212505339374e-01
nan	4.463687500000000000e+03	4.463687499999998920e+00	nan	2.490624020354292867e-02	2.684205167956458249e-01	2.647358133690234094e-01
nan	7.386000000000000000e+03	7.385999999999999233e+00	nan	2.546433945343995475e-02	2.387941495773875378e-01	4.800021212614957733e-01
nan	8.759500000000000000e+03	8.759500000000000952e+00	nan	2.596424802924346409e-02	2.588494447657208597e-01	5.342944525143861201e-01
nan	9.074062500000000000e+03	9.074062500000000142e+00	nan	2.635431501044571689e-02	2.505659854890438520e-01	5.225145544582571189e-01
nan	9.054062500000000000e+03	9.054062500000000568e+00	nan	2.689022174911670504e-02	2.534361298376799354e-01	5.124137855500845440e-01
nan	9.028500000000000000e+03	9.028499999999999304e+00	nan	2.724949447100311062e-02	2.665259974624067385e-01	4.967090978904863396e-01
nan	8.955125000000000000e+03	8.955124999999998892e+00	nan	2.794351517708459909e-02	2.706528491262044644e-01	5.108440570059232799e-01
nan	8.896250000000000000e+03	8.896250000000000213e+00	nan	2.841364557971992610e-02	2.630032139207638675e-01	5.017351214505363366e-01
nan	8.793500000000000000e+03	8.793499999999999872e+00	nan	2.845311423784657734e-02	2.602157845978287920e-01	4.760208445960944501e-01
nan	8.765937500000000000e+03	8.765937499999999716e+00	nan	2.938062414287667679e-02	2.556690114896266741e-01	4.622286277693656853e-01
nan	8.715500000000000000e+03	8.715500000000000469e+00	nan	2.979328503420841656e-02	2.490330353670501262e-01	4.760814898815938778e-01
nan	8.685750000000000000e+03	8.685750000000000526e+00	nan	2.933484963994992256e-02	2.552690854755029770e-01	4.692183680746033758e-01
nan	8.683437500000000000e+03	8.683437500000000142e+00	nan	3.090931096974891545e-02	2.767503891848293596e-01	4.819688344263457491e-01
nan	8.687312500000000000e+03	8.687312500000000881e+00	nan	3.134424838660532231e-02	2.498034640635117543e-01	4.574087340369290544e-01
nan	8.687562500000000000e+03	8.687562500000000298e+00	nan	3.172450706030094381e-02	2.620400965091520540e-01	4.664433035774332437e-01
nan	8.660187500000000000e+03	8.660187499999999261e+00	nan	2.974318456086035012e-02	2.639190472506841023e-01	4.529958584267946287e-01
nan	8.667937500000000000e+03	8.667937499999998963e+00	nan	3.293960148678820588e-02	2.632529195550958878e-01	4.582100432781305299e-01
nan	8.640250000000000000e+03	8.640249999999999986e+00	nan	3.333370313111672090e-02	2.579365113691495792e-01	4.631470778828671864e-01
nan	8.648687500000000000e+03	8.648687499999999417e+00	nan	3.390445416858156591e-02	2.495345653993851776e-01	4.268803081489607187e-01
nan	8.607062500000000000e+03	8.607062499999999616e+00	nan	3.434801012405053200e-02	2.624129592480071715e-01	4.346155521729130333e-01
nan	8.660312500000000000e+03	8.660312499999999858e+00	nan	3.464495578009163523e-02	2.693390687814571915e-01	4.413265245486551747e-01
nan	8.646250000000000000e+03	8.646250000000001990e+00	nan	3.497479412753889960e-02	2.618360576640431647e-01	4.338462426119188420e-01
nan	8.669187500000000000e+03	8.669187499999999602e+00	nan	3.581043165884700841e-02	2.693702467312697468e-01	4.194382263084097673e-01
nan	8.605562500000000000e+03	8.605562500000001336e+00	nan	3.624268158655041816e-02	2.641633766008278927e-01	4.008731239952511571e-01
nan	8.548437500000000000e+03	8.548437500000000355e+00	nan	3.690150751700826959e-02	2.603621602361170795e-01	4.254922410465774574e-01
nan	8.490312500000000000e+03	8.490312499999999929e+00	nan	3.728324849677200348e-02	2.534887786942434107e-01	4.066395258973945492e-01
nan	8.494375000000000000e+03	8.494374999999999787e+00	nan	3.785228511161164988e-02	2.674086492365195800e-01	4.212648923999225414e-01
nan	8.409187500000000000e+03	8.409187499999999815e+00	nan	3.826981729367417984e-02	2.601385781472215220e-01	4.150805407697261140e-01
nan	8.376187500000000000e+03	8.376187500000000341e+00	nan	3.884587720536458733e-02	2.622601096461682491e-01	3.887563750237983951e-01
nan	8.318437500000000000e+03	8.318437500000001705e+00	nan	3.932854224354365158e-02	2.708016300708301349e-01	4.098181922085878948e-01
nan	8.235500000000000000e+03	8.235500000000000043e+00	nan	3.983766444591552158e-02	2.706148322936343109e-01	4.081722931043655356e-01
nan	8.225562500000000000e+03	8.225562500000000554e+00	nan	4.031181887635604255e-02	2.565649263343151021e-01	4.042201487266844917e-01
nan	8.113687500000000000e+03	8.113687499999999275e+00	nan	4.091831666900880293e-02	2.728505105152856380e-01	3.994944281470524938e-01
nan	7.989562500000000000e+03	7.989562499999999901e+00	nan	4.142081202807901263e-02	2.713895912587152015e-01	4.070256066803476513e-01
nan	7.781562500000000000e+03	7.781562499999999716e+00	nan	4.185384164487615521e-02	2.668675350905308497e-01	3.828499586531758925e-01
nan	7.655437500000000000e+03	7.655437499999999673e+00	nan	4.235230479013019078e-02	2.639226610567972364e-01	4.008266283580700362e-01
nan	7.466750000000000000e+03	7.466750000000000220e+00	nan	4.281196819635724182e-02	2.662593815666460806e-01	3.833006727091590182e-01
nan	7.280062500000000000e+03	7.280062500000000547e+00	nan	4.334930998685848635e-02	2.658966860467169013e-01	3.729181267365656027e-01
nan	7.009812500000000000e+03	7.009812499999999780e+00	nan	4.270595696175405465e-02	2.563116620523218092e-01	3.775527927874343659e-01
nan	6.722625000000000000e+03	6.722625000000000739e+00	nan	4.432953119599325476e-02	2.619218606170438113e-01	3.764241477105730871e-01
nan	6.437437500000000000e+03	6.437437499999999702e+00	nan	4.325936758294091078e-02	2.550244744185202750e-01	3.669464059887401763e-01
nan	6.162250000000000000e+03	6.162249999999999339e+00	nan	4.456225253620083038e-02	2.640237287876908701e-01	3.669722767802634511e-01
nan	5.703750000000000000e+03	5.703750000000000320e+00	nan	4.585553470830916467e-02	2.637540169991093308e-01	3.533375052613144662e-01
nan	5.187000000000000000e+03	5.186999999999999389e+00	nan	4.627390758869154297e-02	2.679696810191335432e-01	3.663764130463046387e-01
nan	4.656875000000000000e+03	4.656875000000000320e+00	nan	4.673510002159275700e-02	2.646788454049464612e-01	3.915301854598279840e-01
nan	4.039375000000000000e+03	4.039374999999999716e+00	nan	4.723807792344558720e-02	2.598606174743448571e-01	3.683104889582007324e-01
nan	3.413625000000000000e+03	3.413624999999999687e+00	nan	4.764045362670188410e-02	2.562572169317072213e-01	3.637746889642159420e-01
nan	2.864812500000000000e+03	2.864812500000000206e+00	nan	4.829536040679016651e-02	2.652919719023384970e-01	3.554535963038611968e-01
nan	2.346687500000000000e+03	2.346687499999999815e+00	nan	4.856152067681485107e-02	2.811782869867389678e-01	3.520904306242822468e-01
nan	1.835000000000000000e+03	1.834999999999999964e+00	nan	4.906642572088060206e-02	2.747067523802485534e-01	3.623299956574731473e-01
nan	1.342062500000000000e+03	1.342062499999999936e+00	nan	4.557938797734637643e-02	2.561564106735099156e-01	3.289366417982654278e-01
nan	8.715625000000000000e+02	8.715625000000000178e-01	nan	5.010903224896878783e-02	2.486655623273399118e-01	2.700826660164762361e-01
nan	5.094375000000000000e+02	5.094374999999999876e-01	nan	4.789938466727505784e-02	2.732045559890137199e-01	2.503003008481193836e-01
nan	2.652500000000000000e+02	2.652499999999999858e-01	nan	5.032543620871798851e-02	2.409116935815173166e-01	1.643504737085016432e-01
nan	1.246875000000000000e+02	1.246875000000000067e-01	nan	4.843201886629344699e-02	2.475860335006917490e-01	1.800375409046285347e-01
nan	5.731250000000000000e+01	5.731250000000000233e-02	nan	4.897931146158640558e-02	2.544725993348183612e-01	1.061027097803174390e-01
nan	2.243750000000000000e+01	2.243749999999999911e-02	nan	3.523203666430403669e-02	2.806835954378499309e-01	1.420172681076110055e-01
nan	8.000000000000000000e+00	8.000000000000000167e-03	nan	3.881646969568269129e-02	2.989382427360736116e-01	1.179345164323915840e-01
nan	2.562500000000000000e+00	2.562500000000000108e-03	nan	3.772443082604739345e-02	3.833417777858175723e-01	8.141978771670302373e-02
nan	6.250000000000000000e-01	6.250000000000000130e-04	nan	1.483267158312507293e-02	9.593299071537272904e-02	4.097620309371236003e-02
nan	nan	nan	nan	nan	nan	nan
nan	0.000000000000000000e+00	0.000000000000000000e+00	0.000000000000000000e+00	0.000000000000000000e+00	0.000000000000000000e+00	0.000000000000000000e+00
nan	0.000000000000000000e+00	0.000000000000000000e+00	0.000000000000000000e+00	0.000000000000000000e+00	0.000000000000000000e+00	0.000000000000000000e+00
nan	0.000000000000000000e+00	0.000000000000000000e+00	0.000000000000000000e+00	0.000000000000000000e+00	0.000000000000000000e+00	0.000000000000000000e+00
nan	0.000000000000000000e+00	0.000000000000000000e+00	0.000000000000000000e+00	0.000000000000000000e+00	0.000000000000000000e+00	0.000000000000000000e+00
nan	0.000000000000000000e+00	0.000000000000000000e+00	0.000000000000000000e+00	0.000000000000000000e+00	0.000000000000000000e+00	0.000000000000000000e+00
nan	0.000000000000000000e+00	0.000000000000000000e+00	0.000000000000000000e+00	0.000000000000000000e+00	0.000000000000000000e+00	0.000000000000000000e+00
nan	0.000000000000000000e+00	0.000000000000000000e+00	0.000000000000000000e+00	0.000000000000000000e+00	0.000000000000000000e+00	0.000000000000000000e+00
nan	0.000000000000000000e+00	0.000000000000000000e+00	0.000000000000000000e+00	0.000000000000000000e+00	0.000000000000000000e+00	0.000000000000000000e+00
nan	0.000000000000000000e+00	0.000000000000000000e+00	0.000000000000000000e+00	0.000000000000000000e+00	0.000000000000000000e+00	0.000000000000000000e+00
nan	0.000000000000000000e+00	0.000000000000000000e+00	0.000000000000000000e+00	0.000000000000000000e+00	0.000000000000000000e+00	0.000000000000000000e+00
nan	0.000000000000000000e+00	0.000000000000000000e+00	0.000000000000000000e+00	0.000000000000000000e+00	0.000000000000000000e+00	0.000000000000000000e+00
nan	0.000000000000000000e+00	0.000000000000000000e+00	0.000000000000000000e+00	0.000000000000000000e+00	0.000000000000000000e+00	0.000000000000000000e+00
nan	0.000000000000000000e+00	0.000000000000000000e+00	0.000000000000000000e+00	0.000000000000000000e+00	0.000000000000000000e+00	0.000000000000000000e+00
nan	0.000000000000000000e+00	0.000000000000000000e+00	0.000000000000000000e+00	0.000000000000000000e+00	0.000000000000000000e+00	0.000000000000000000e+00
nan	0.000000000000000000e+00	0.000000000000000000e+00	0.000000000000000000e+00	0.000000000000000000e+00	0.000000000000000000e+00	0.000000000000000000e+00
nan	0.000000000000000000e+00	0.000000000000000000e+00	0.000000000000000000e+00	0.000000000000000000e+00	0.000000000000000000e+00	0.000000000000000000e+00
nan	0.000000000000000000e+00	0.000000000000000000e+00	0.000000000000000000e+00	0.000000000000000000e+00	0.000000000000000000e+00	0.000000000000000000e+00
nan	0.000000000000000000e+00	0.000000000000000000e+00	0.000000000000000000e+00	0.000000000000000000e+00	0.000000000000000000e+00	0.000000000000000000e+00
nan	0.000000000000000000e+00	0.000000000000000000e+00	0.000000000000000000e+00	0.000000000000000000e+00	0.000000000000000000e+00	0.000000000000000000e+00
nan	0.000000000000000000e+00	0.000000000000000000e+00	0.000000000000000000e+00	0.000000000000000000e+00	0.000000000000000000e+00	0.000000000000000000e+00
nan	0.000000000000000000e+00	0.000000000000000000e+00	0.000000000000000000e+00	0.000000000000000000e+00	0.000000000000000000e+00	0.000000000000000000e+00
nan	0.000000000000000000e+00	0.000000000000000000e+00	0.000000000000000000e+00	0.000000000000000000e+00	0.000000000000000000e+00	0.000000000000000000e+00
nan	0.000000000000000000e+00	0.000000000000000000e+00	0.000000000000000000e+00	0.000000000000000000e+00	0.000000000000000000e+00	0.000000000000000000e+00
nan	0.000000000000000000e+00	0.000000000000000000e+00	0.000000000000000000e+00	0.000000000000000000e+00	0.000000000000000000e+00	0.000000000000000000e+00
nan	0.000000000000000000e+00	0.000000000000000000e+00	0.000000000000000000e+00	0.000000000000000000e+00	0.000000000000000000e+00	0.000000000000000000e+00
nan	0.000000000000000000e+00	0.000000000000000000e+00	0.000000000000000000e+00	0.000000000000000000e+00	0.000000000000000000e+00	0.000000000000000000e+00
nan	0.000000000000000000e+00	0.000000000000000000e+00	0.000000000000000000e+00	0.000000000000000000e+00	0.000000000000000000e+00	0.000000000000000000e+00
nan	0.000000000000000000e+00	0.000000000000000000e+00	0.000000000000000000e+00	0.000000000000000000e+00	0.000000000000000000e+00	0.000000000000000000e+00
nan	0.000000000000000000e+00	0.000000000000000000e+00	0.000000000000000000e+00	0.000000000000000000e+00	0.000000000000000000e+00	0.000000000000000000e+00
nan	0.000000000000000000e+00	0.000000000000000000e+00	0.000000000000000000e+00	0.000000000000000000e+00	0.000000000000000000e+00	0.000000000000000000e+00
nan	0.000000000000000000e+00	0.000000000000000000e+00	0.000000000000000000e+00	0.000000000000000000e+00	0.000000000000000000e+00	0.000000000000000000e+00
nan	0.000000000000000000e+00	0.000000000000000000e+00	0.000000000000000000e+00	0.000000000000000000e+00	0.000000000000000000e+00	0.000000000000000000e+00
nan	0.000000000000000000e+00	0.000000000000000000e+00	0.000000000000000000e+00	0.000000000000000000e+00	0.000000000000000000e+00	0.000000000000000000e+00
nan	0.000000000000000000e+00	0.000000000000000000e+00	0.000000000000000000e+00	0.000000000000000000e+00	0.000000000000000000e+00	0.000000000000000000e+00
nan	0.000000000000000000e+00	0.000000000000000000e+00	0.000000000000000000e+00	0.000000000000000000e+00	0.000000000000000000e+00	0.000000000000000000e+00
nan	0.000000000000000000e+00	0.000000000000000000e+00	0.000000000000000000e+00	0.000000000000000000e+00	0.000000000000000000e+00	0.000000000000000000e+00
nan	0.000000000000000000e+00	0.000000000000000000e+00	0.000000000000000000e+00	0.000000000000000000e+00	0.000000000000000000e+00	0.000000000000000000e+00
nan	0.000000000000000000e+00	0.000000000000000000e+00	0.000000000000000000e+00	0.000000000000000000e+00	0.000000000000000000e+00	0.000000000000000000e+00
nan	0.000000000000000000e+00	0.000000000000000000e+00	0.000000000000000000e+00	0.000000000000000000e+00	0.000000000000000000e+00	0.000000000000000000e+00
nan	0.000000000000000000e+00	0.000000000000000000e+00	0.000000000000000000e+00	0.000000000000000000e+00	0.000000000000000000e+00	0.000000000000000000e+00
nan	nan	nan	nan	nan	nan	nan
nan	1.168750000000000000e+01	1.168750000000000171e-02	nan	1.602365289620413108e-02	3.052950109245361476e-01	2.087110687074696658e-01
nan	1.584375000000000000e+02	1.584375000000000089e-01	nan	2.145800507279815861e-02	2.295028266459149813e-01	8.111804762320540263e-02
nan	1.094187500000000000e+03	1.094187500000000091e+00	nan	2.381592562342493835e-02	2.486351520836470874e-01	1.140544260518737696e-01
nan	3.249750000000000000e+03	3.249750000000000583e+00	nan	2.433502563849021527e-02	2.587226541424100246e-01	2.553497845299591562e-01
nan	5.407750000000000000e+03	5.407750000000000057e+00	nan	2.540348099798794834e-02	2.585765935149731409e-01	4.880877653582048614e-01
nan	6.408687500000000000e+03	6.408687500000000092e+00	nan	2.576830086979065015e-02	2.672069193683621613e-01	5.436565976607523609e-01
nan	6.704937500000000000e+03	6.704937500000000661e+00	nan	2.641784011418391032e-02	2.546292713948327124e-01	5.313043155196768286e-01
nan	6.715312500000000000e+03	6.715312500000000462e+00	nan	2.692824072708077665e-02	2.735428927453983361e-01	5.181151711631672985e-01
nan	6.647937500000000000e+03	6.647937500000000277e+00	nan	2.735574565361531540e-02	2.552188727266386237e-01	4.954827756936264205e-01
nan	6.603187500000000000e+03	6.603187499999999766e+00	nan	2.788183910506258911e-02	2.613740173072726103e-01	5.120850313837913559e-01
nan	6.538625000000000000e+03	6.538624999999999687e+00	nan	2.838826689335238740e-02	2.641253012577063908e-01	5.013053910464277951e-01
nan	6.490312500000000000e+03	6.490312499999999929e+00	nan	2.882131139763810523e-02	2.538576749357478457e-01	4.626033459289086713e-01
nan	6.457437500000000000e+03	6.457437500000000163e+00	nan	2.945251336850418511e-02	2.685688646430995363e-01	4.922263164432752469e-01
nan	6.419562500000000000e+03	6.419562499999999616e+00	nan	2.978411104874290061e-02	2.471482666170819742e-01	4.998895445929943393e-01
nan	6.373000000000000000e+03	6.372999999999999332e+00	nan	3.043727261995421429e-02	2.511708489718252890e-01	4.795533380566082138e-01
nan	6.416062500000000000e+03	6.416062499999999780e+00	nan	3.066593882527524073e-02	2.680490298670512028e-01	4.569172635797671411e-01
nan	6.399500000000000000e+03	6.399499999999999744e+00	nan	3.096844515875751824e-02	2.573653614396898548e-01	4.690383266445193877e-01
nan	6.403187500000000000e+03	6.403187499999999588e+00	nan	3.188123929750652508e-02	2.674687272414989492e-01	4.785376972648658911e-01
nan	6.415625000000000000e+03	6.415625000000000355e+00	nan	3.226044552538454013e-02	2.552128077547276552e-01	4.672957336554663388e-01
nan	6.386000000000000000e+03	6.385999999999999233e+00	nan	3.286882833577742247e-02	2.521132672820003418e-01	4.682058205277608298e-01
nan	6.393625000000000000e+03	6.393625000000001002e+00	nan	3.343746249218604305e-02	2.685669817283705685e-01	4.352131516269731604e-01
nan	6.353062500000000000e+03	6.353062500000000057e+00	nan	3.384097253142925865e-02	2.580374129981424236e-01	4.311378142489251664e-01
nan	6.389125000000000000e+03	6.389124999999999943e+00	nan	3.432921744362715799e-02	2.667957859759036987e-01	4.558016805749066647e-01
nan	6.409000000000000000e+03	6.408999999999999808e+00	nan	3.494137053706403151e-02	2.614122277687554452e-01	4.478176349275793111e-01
nan	6.401750000000000000e+03	6.401749999999999829e+00	nan	3.537425076489597586e-02	2.707378826966826413e-01	4.400645574890406087e-01
nan	6.436312500000000000e+03	6.436312500000000547e+00	nan	3.493156368135252876e-02	2.758293799611034602e-01	4.506693499822391757e-01
nan	6.357000000000000000e+03	6.356999999999999318e+00	nan	3.618428868430711987e-02	2.600200042543397982e-01	4.330035472197192314e-01
nan	6.341375000000000000e+03	6.341375000000000206e+00	nan	3.688549754715175766e-02	2.677445022650279949e-01	4.388183458447146856e-01
nan	6.280437500000000000e+03	6.280437500000000561e+00	nan	3.741733708043426532e-02	2.750713642017890148e-01	3.974935020665718577e-01
nan	6.269437500000000000e+03	6.269437499999999552e+00	nan	3.790937862059706731e-02	2.589947324687835728e-01	4.220312289982842135e-01
nan	6.176687500000000000e+03	6.176687500000000774e+00	nan	3.815147506875860017e-02	2.564147741196948216e-01	4.096016499234486075e-01
nan	6.216187500000000000e+03	6.216187500000000199e+00	nan	3.879531235175726067e-02	2.711146962693762319e-01	4.288210914263785867e-01
nan	6.154562500000000000e+03	6.154562500000000824e+00	nan	3.843570048745448275e-02	2.661898257546635449e-01	3.980042142792080129e-01
nan	6.113687500000000000e+03	6.113687500000000163e+00	nan	3.990112829272085548e-02	2.705832321288186293e-01	4.085452684771474496e-01
nan	6.066312500000000000e+03	6.066312499999999552e+00	nan	4.024738684854156645e-02	2.571977699169711862e-01	4.062107024742072636e-01
nan	5.982375000000000000e+03	5.982375000000000220e+00	nan	4.089422951455290445e-02	2.446766137292468724e-01	4.070849395231984080e-01
nan	5.892750000000000000e+03	5.892749999999999488e+00	nan	3.808515870207532933e-02	2.529326244950509395e-01	4.151828691905709579e-01
nan	5.739062500000000000e+03	5.739062499999999289e+00	nan	3.858519124308343318e-02	2.610568364580306278e-01	4.015399364675521499e-01
nan	5.626437500000000000e+03	5.626437500000000647e+00	nan	4.230922676781290193e-02	2.609000223679804331e-01	3.883835625027888261e-01
nan	5.487062500000000000e+03	5.487062500000000398e+00	nan	4.290174675950986227e-02	2.583860949959737585e-01	3.805397088847757292e-01
nan	5.422812500000000000e+03	5.422812500000000036e+00	nan	4.338772735983198459e-02	2.614457363525286571e-01	3.668996479607018468e-01
nan	5.202625000000000000e+03	5.202624999999999389e+00	nan	4.356697304132595150e-02	2.719472413363586694e-01	3.641983843190803594e-01
nan	4.929875000000000000e+03	4.929875000000000007e+00	nan	4.403485770853166059e-02	2.697959143981583097e-01	3.652212752204379020e-01
nan	4.753687500000000000e+03	4.753687499999999844e+00	nan	4.463801205103123948e-02	2.724354300403775686e-01	3.875547186104711939e-01
nan	4.529937500000000000e+03	4.529937499999999950e+00	nan	4.479883772821224852e-02	2.595592485364387469e-01	3.869416572184981584e-01
nan	4.203062500000000000e+03	4.203062499999999702e+00	nan	4.566650215054401940e-02	2.565179251526931714e-01	3.724797628943015138e-01
nan	3.834750000000000000e+03	3.834750000000000547e+00	nan	4.629610794121497008e-02	2.642909506585407464e-01	3.574865246274149255e-01
nan	3.420000000000000000e+03	3.419999999999999485e+00	nan	4.661161955300663351e-02	2.738143019333899586e-01	3.768030960660282425e-01
nan	2.983250000000000000e+03	2.983249999999999957e+00	nan	4.718261026845560480e-02	2.652844399729211711e-01	3.560578108111831508e-01
nan	2.531625000000000000e+03	2.531625000000000014e+00	nan	4.765710127183986344e-02	2.710197675315063059e-01	3.670270175385828004e-01
nan	2.102562500000000000e+03	2.102562500000000334e+00	nan	4.817707758359013326e-02	2.631147151680691687e-01	3.634531376882959020e-01
nan	1.725937500000000000e+03	1.725937500000000124e+00	nan	4.827419609920191590e-02	2.812369624234930532e-01	3.583922207079388578e-01
nan	1.347375000000000000e+03	1.347374999999999989e+00	nan	4.830478234886648181e-02	2.749588720550708576e-01	3.482844071915297546e-01
nan	9.951875000000000000e+02	9.951875000000000027e-01	nan	4.921397610994837635e-02	2.541978695776719865e-01	3.546355547350623638e-01
nan	6.508750000000000000e+02	6.508749999999999813e-01	nan	4.971988343580946434e-02	2.772817861426971620e-01	2.938221485453962334e-01
nan	3.751875000000000000e+02	3.751875000000000071e-01	nan	4.892213618302321265e-02	2.600969568114945285e-01	2.148972585788586631e-01
nan	2.025625000000000000e+02	2.025625000000000064e-01	nan	4.955788247209724773e-02	2.476376017085593073e-01	1.588660032154406432e-01
nan	9.318750000000000000e+01	9.318750000000000644e-02	nan	4.094086023750520553e-02	2.510246169271734828e-01	1.319788049367540683e-01
nan	4.493750000000000000e+01	4.493749999999999134e-02	nan	2.961720013608726276e-02	2.561657413113231918e-01	1.556548048135258933e-01
nan	1.631250000000000000e+01	1.631250000000000061e-02	nan	3.646796616190216278e-02	2.965161713891482087e-01	1.485798532177123321e-01
nan	6.000000000000000000e+00	6.000000000000000125e-03	nan	3.509040559270244775e-02	2.572112906463674964e-01	1.144240411087563830e-01
nan	1.750000000000000000e+00	1.750000000000000036e-03	nan	3.470747329394109626e-02	2.639784988897356799e-01	9.361804091240183423e-02
nan	nan	nan	nan	nan	nan	nan
nan	nan	nan	nan	nan	nan	nan
nan	0.000000000000000000e+00	0.000000000000000000e+00	0.000000000000000000e+00	0.000000000000000000e+00	0.000000000000000000e+00	0.000000000000000000e+00
nan	0.000000000000000000e+00	0.000000000000000000e+00	0.000000000000000000e+00	0.000000000000000000e+00	0.000000000000000000e+00	0.000000000000000000e+00
nan	0.000000000000000000e+00	0.000000000000000000e+00	0.000000000000000000e+00	0.000000000000000000e+00	0.000000000000000000e+00	0.000000000000000000e+00
nan	0.000000000000000000e+00	0.000000000000000000e+00	0.000000000000000000e+00	0.000000000000000000e+00	0.000000000000000000e+00	0.000000000000000000e+00
nan	0.000000000000000000e+00	0.000000000000000000e+00	0.000000000000000000e+00	0.000000000000000000e+00	0.000000000000000000e+00	0.000000000000000000e+00
nan	0.000000000000000000e+00	0.000000000000000000e+00	0.000000000000000000e+00	0.000000000000000000e+00	0.000000000000000000e+00	0.000000000000000000e+00
nan	0.000000000000000000e+00	0.000000000000000000e+00	0.000000000000000000e+00	0.000000000000000000e+00	0.000000000000000000e+00	0.000000000000000000e+00
nan	0.000000000000000000e+00	0.000000000000000000e+00	0.000000000000000000e+00	0.000000000000000000e+00	0.000000000000000000e+00	0.000000000000000000e+00
nan	0.000000000000000000e+00	0.000000000000000000e+00	0.000000000000000000e+00	0.000000000000000000e+00	0.000000000000000000e+00	0.000000000000000000e+00
nan	0.000000000000000000e+00	0.000000000000000000e+00	0.000000000000000000e+00	0.000000000000000000e+00	0.000000000000000000e+00	0.000000000000000000e+00
nan	0.000000000000000000e+00	0.000000000000000000e+00	0.000000000000000000e+00	0.000000000000000000e+00	0.000000000000000000e+00	0.000000000000000000e+00
nan	0.000000000000000000e+00	0.000000000000000000e+00	0.000000000000000000e+00	0.000000000000000000e+00	0.000000000000000000e+00	0.000000000000000000e+00
nan	0.000000000000000000e+00	0.000000000000000000e+00	0.000000000000000000e+00	0.000000000000000000e+00	0.000000000000000000e+00	0.000000000000000000e+00
nan	0.000000000000000000e+00	0.000000000000000000e+00	0.000000000000000000e+00	0.000000000000000000e+00	0.000000000000000000e+00	0.000000000000000000e+00
nan	0.000000000000000000e+00	0.000000000000000000e+00	0.000000000000000000e+00	0.000000000000000000e+00	0.000000000000000000e+00	0.000000000000000000e+00
nan	0.000000000000000000e+00	0.000000000000000000e+00	0.000000000000000000e+00	0.000000000000000000e+00	0.000000000000000000e+00	0.000000000000000000e+00
nan	0.000000000000000000e+00	0.000000000000000000e+00	0.000000000000000000e+00	0.000000000000000000e+00	0.000000000000000000e+00	0.000000000000000000e+00
nan	0.000000000000000000e+00	0.000000000000000000e+00	0.000000000000000000e+00	0.000000000000000000e+00	0.000000000000000000e+00	0.000000000000000000e+00
nan	0.000000000000000000e+00	0.000000000000000000e+00	0.000000000000000000e+00	0.000000000000000000e+00	0.000000000000000000e+00	0.000000000000000000e+00
nan	0.000000000000000000e+00	0.000000000000000000e+00	0.000000000000000000e+00	0.000000000000000000e+00	0.000000000000000000e+00	0.000000000000000000e+00
nan	0.000000000000000000e+00	0.000000000000000000e+00	0.000000000000000000e+00	0.000000000000000000e+00	0.000000000000000000e+00	0.000000000000000000e+00
nan	0.000000000000000000e+00	0.000000000000000000e+00	0.000000000000000000e+00	0.000000000000000000e+00	0.000000000000000000e+00	0.000000000000000000e+00
nan	0.000000000000000000e+00	0.000000000000000000e+00	0.000000000000000000e+00	0.000000000000000000e+00	0.000000000000000000e+00	0.000000000000000000e+00
nan	0.000000000000000000e+00	0.000000000000000000e+00	0.000000000000000000e+00	0.000000000000000000e+00	0.000000000000000000e+00	0.000000000000000000e+00
nan	0.000000000000000000e+00	0.000000000000000000e+00	0.000000000000000000e+00	0.000000000000000000e+00	0.000000000000000000e+00	0.000000000000000000e+00
nan	0.000000000000000000e+00	0.000000000000000000e+00	0.000000000000000000e+00	0.000000000000000000e+00	0.000000000000000000e+00	0.000000000000000000e+00
nan	0.000000000000000000e+00	0.000000000000000000e+00	0.000000000000000000e+00	0.000000000000000000e+00	0.000000000000000000e+00	0.000000000000000000e+00
nan	0.000000000000000000e+00	0.000000000000000000e+00	0.000000000000000000e+00	0.000000000000000000e+00	0.000000000000000000e+00	0.000000000000000000e+00
nan	0.000000000000000000e+00	0.000000000000000000e+00	0.000000000000000000e+00	0.000000000000000000e+00	0.000000000000000000e+00	0.000000000000000000e+00
nan	0.000000000000000000e+00	0.000000000000000000e+00	0.000000000000000000e+00	0.000000000000000000e+00	0.000000000000000000e+00	0.000000000000000000e+00
nan	0.000000000000000000e+00	0.000000000000000000e+00	0.000000000000000000e+00	0.000000000000000000e+00	0.000000000000000000e+00	0.000000000000000000e+00
nan	0.000000000000000000e+00	0.000000000000000000e+00	0.000000000000000000e+00	0.000000000000000000e+00	0.000000000000000000e+00	0.000000000000000000e+00
nan	0.000000000000000000e+00	0.000000000000000000e+00	0.000000000000000000e+00	0.000000000000000000e+00	0.000000000000000000e+00	0.000000000000000000e+00
nan	0.000000000000000000e+00	0.000000000000000000e+00	0.000000000000000000e+00	0.000000000000000000e+00	0.000000000000000000e+00	0.000000000000000000e+00
nan	0.000000000000000000e+00	0.000000000000000000e+00	0.000000000000000000e+00	0.000000000000000000e+00	0.000000000000000000e+00	0.000000000000000000e+00
nan	0.000000000000000000e+00	0.000000000000000000e+00	0.000000000000000000e+00	0.000000000000000000e+00	0.000000000000000000e+00	0.000000000000000000e+00
nan	0.000000000000000000e+00	0.000000000000000000e+00	0.000000000000000000e+00	0.000000000000000000e+00	0.000000000000000000e+00	0.000000000000000000e+00
nan	0.000000000000000000e+00	0.000000000000000000e+00	0.000000000000000000e+00	0.000000000000000000e+00	0.000000000000000000e+00	0.000000000000000000e+00
nan	2.375000000000000000e+00	2.374999999999999941e-03	nan	1.209194740931146192e-02	2.570206355732878589e-01	9.964066532294410528e-02
nan	1.012500000000000000e+01	1.012500000000000032e-02	nan	1.484821423634814959e-02	2.703294908108891947e-01	2.545871271847387485e-01
nan	2.162500000000000000e+01	2.162499999999999839e-02	nan	1.573810190725489014e-02	2.976300618543173404e-01	4.377905548251674883e-01
nan	4.718750000000000000e+01	4.718749999999999334e-02	nan	1.772430842385031013e-02	2.107080468868220424e-01	1.486517393241574281e-01
nan	1.545625000000000000e+02	1.545624999999999916e-01	nan	2.098405157466931570e-02	2.539007301424123231e-01	8.416493830529714337e-02
nan	5.971875000000000000e+02	5.971874999999999822e-01	nan	2.404409000236285010e-02	2.428965447149063761e-01	1.351120039415737439e-01
nan	1.510062500000000000e+03	1.510062500000000085e+00	nan	2.389484357306770335e-02	2.529628746346939683e-01	2.591099996336381217e-01
nan	2.405062500000000000e+03	2.405062500000000103e+00	nan	2.534937789083535620e-02	2.634237007973082578e-01	4.863732747541348322e-01
nan	2.893250000000000000e+03	2.893249999999999655e+00	nan	2.554283698400627856e-02	2.599575001114291517e-01	5.560920001736210372e-01
nan	3.035875000000000000e+03	3.035874999999999879e+00	nan	2.617599109607127161e-02	2.715417794057153333e-01	5.542548217083220763e-01
nan	3.077312500000000000e+03	3.077312500000000117e+00	nan	2.687649840139272328e-02	2.629077002759268589e-01	5.487525386105854830e-01
nan	3.060312500000000000e+03	3.060312499999999769e+00	nan	2.705750961962039014e-02	2.638234496277354069e-01	5.477199775240084723e-01
nan	3.081750000000000000e+03	3.081750000000000433e+00	nan	2.777277148667778306e-02	2.702802803253953057e-01	4.926498582856746467e-01
nan	3.001000000000000000e+03	3.000999999999999890e+00	nan	2.833268123451748721e-02	2.533482482603887087e-01	5.298508552045864128e-01
nan	3.011187500000000000e+03	3.011187499999999684e+00	nan	2.878307984576267131e-02	2.508930431669206262e-01	5.047082404745628637e-01
nan	2.978937500000000000e+03	2.978937499999999794e+00	nan	2.879781370300005250e-02	2.483091373240881028e-01	5.026314177102453318e-01
nan	2.991000000000000000e+03	2.991000000000000103e+00	nan	2.981613692664542015e-02	2.594931199194041582e-01	4.831045686335498912e-01
nan	2.992375000000000000e+03	2.992375000000000007e+00	nan	3.029198586797043902e-02	2.488472670214886273e-01	4.613119822562888328e-01
nan	2.968687500000000000e+03	2.968687499999999702e+00	nan	3.061118475143675965e-02	2.635826339468176904e-01	4.834678602915277179e-01
nan	2.964937500000000000e+03	2.964937500000000004e+00	nan	3.105597185442210417e-02	2.544676928678514249e-01	4.055894061283262797e-01
nan	2.961250000000000000e+03	2.961250000000000160e+00	nan	3.184848472337442615e-02	2.737344239852211869e-01	4.651833058980434643e-01
nan	2.944937500000000000e+03	2.944937499999999986e+00	nan	3.233710444985682386e-02	2.555654809684811402e-01	4.481066762093932065e-01
nan	2.969437500000000000e+03	2.969437499999999730e+00	nan	3.265496602968553930e-02	2.664178722182832804e-01	4.508129296092593385e-01
nan	2.965375000000000000e+03	2.965375000000000316e+00	nan	3.266916249923568216e-02	2.572660081968555223e-01	4.394004745397347977e-01
nan	2.944312500000000000e+03	2.944312500000000110e+00	nan	3.094013247354014673e-02	2.480234986330499269e-01	4.606606670756496769e-01
nan	2.984062500000000000e+03	2.984062500000000284e+00	nan	3.437280201923265111e-02	2.558481657149053734e-01	4.759010195588005421e-01
nan	2.940250000000000000e+03	2.940249999999999808e+00	nan	3.479134045154097521e-02	2.563198420559821278e-01	4.502276130400845733e-01
nan	2.956375000000000000e+03	2.956375000000000419e+00	nan	3.523974142559005429e-02	2.698140584542548237e-01	4.337978447860776354e-01
nan	2.993562500000000000e+03	2.993562499999999904e+00	nan	3.577181636003778920e-02	2.653893789883357002e-01	4.165499302522447378e-01
nan	2.955187500000000000e+03	2.955187500000000078e+00	nan	3.608969658931648894e-02	2.529916085039871088e-01	4.252078502286406048e-01
nan	2.916375000000000000e+03	2.916375000000000384e+00	nan	3.660285006555952236e-02	2.719910815125236025e-01	4.187077097369531486e-01
nan	2.926375000000000000e+03	2.926374999999999726e+00	nan	3.738375771538393622e-02	2.565888397677061894e-01	4.055108456216352519e-01
nan	2.886187500000000000e+03	2.886187499999999684e+00	nan	3.770434311234716063e-02	2.616741072874843588e-01	4.501508079596947542e-01
nan	2.868812500000000000e+03	2.868812499999999766e+00	nan	3.814910326759957115e-02	2.627364352919024371e-01	3.819818265229787402e-01
nan	2.857875000000000000e+03	2.857874999999999943e+00	nan	3.874694026579206252e-02	2.617460516958204364e-01	4.059281365165235966e-01
nan	2.853187500000000000e+03	2.853187499999999766e+00	nan	3.928946840969693710e-02	2.624680494154905119e-01	4.117226643917883955e-01
nan	2.829750000000000000e+03	2.829750000000000210e+00	nan	3.975267451276920383e-02	2.657821598700471633e-01	4.182888555167492139e-01
nan	2.803687500000000000e+03	2.803687500000000110e+00	nan	4.035199990934934533e-02	2.721633425590402888e-01	3.597381498874852035e-01
nan	2.772250000000000000e+03	2.772250000000000103e+00	nan	4.075258664226488747e-02	2.616881145744791026e-01	4.202903708610039590e-01
nan	2.712375000000000000e+03	2.712374999999999758e+00	nan	4.131563056910358966e-02	2.644867861698586564e-01	4.117157944349948417e-01
nan	2.674125000000000000e+03	2.674124999999999641e+00	nan	4.179578502737513190e-02	2.724334249858496593e-01	3.988215556503949544e-01
nan	2.602937500000000000e+03	2.602937499999999904e+00	nan	4.184634567876699407e-02	2.525620196812029539e-01	3.727689102959941825e-01
nan	2.538625000000000000e+03	2.538624999999999687e+00	nan	4.272444225282789887e-02	2.669672894212036240e-01	3.963480734606260603e-01
nan	2.501750000000000000e+03	2.501749999999999918e+00	nan	4.318947441935883091e-02	2.683838251797716623e-01	3.825802209579077795e-01
nan	2.377187500000000000e+03	2.377187499999999787e+00	nan	4.356336818200290395e-02	2.542990888128598970e-01	3.619547133628939761e-01
nan	2.295625000000000000e+03	2.295624999999999805e+00	nan	4.405843588716074066e-02	2.562615095350527228e-01	3.797040320819721204e-01
nan	2.195000000000000000e+03	2.195000000000000284e+00	nan	4.402015646477686062e-02	2.802472116700320814e-01	3.809152616224955601e-01
nan	2.107687500000000000e+03	2.107687499999999936e+00	nan	4.517543843741300691e-02	2.642141762615873857e-01	3.789525062505212372e-01
nan	1.945500000000000000e+03	1.945500000000000007e+00	nan	4.528770903307588469e-02	2.771516536324524216e-01	3.688228903224849420e-01
nan	1.753000000000000000e+03	1.753000000000000114e+00	nan	4.244692606830344217e-02	2.554205576852938142e-01	3.706303465174080047e-01
nan	1.599000000000000000e+03	1.598999999999999977e+00	nan	4.598944871459487160e-02	2.636877759121863396e-01	3.783904839904870254e-01
nan	1.363250000000000000e+03	1.363249999999999851e+00	nan	4.655843624970046335e-02	2.632861339441578963e-01	3.588279162217994367e-01
nan	1.171875000000000000e+03	1.171875000000000000e+00	nan	4.742311733884641001e-02	2.546789720740086915e-01	3.537752429769022156e-01
nan	9.752500000000000000e+02	9.752499999999999503e-01	nan	4.770351877932732521e-02	2.534069019748197427e-01	3.580678760741999866e-01
nan	8.083750000000000000e+02	8.083749999999999547e-01	nan	4.831525147503334949e-02	2.606044890622244981e-01	3.682216115327979766e-01
nan	6.161875000000000000e+02	6.161874999999998881e-01	nan	4.845715429043728761e-02	2.494660754144619741e-01	3.628441481350347386e-01
nan	4.606875000000000000e+02	4.606875000000000275e-01	nan	4.815306745368808095e-02	2.766249311090210883e-01	3.257834296163162335e-01
nan	3.006875000000000000e+02	3.006874999999999964e-01	nan	4.884916727755062027e-02	2.531524474882391185e-01	2.489106363603633687e-01
nan	1.818125000000000000e+02	1.818124999999999880e-01	nan	4.907995751949378871e-02	2.262998373251058071e-01	2.236451664004464046e-01
nan	9.925000000000000000e+01	9.925000000000000488e-02	nan	4.680476786015574930e-02	2.302553533008787068e-01	1.968950032017887652e-01
nan	4.900000000000000000e+01	4.900000000000000189e-02	nan	4.404483956206028950e-02	2.267768124473790170e-01	1.678013322812130226e-01
nan	2.156250000000000000e+01	2.156250000000000180e-02	nan	3.570704253292959068e-02	3.053356357670137244e-01	2.230899653148284145e-01
nan	1.050000000000000000e+01	1.050000000000000065e-02	nan	3.504516231149127498e-02	2.915746167212340256e-01	2.008286584017698606e-01
nan	4.312500000000000000e+00	4.312500000000000361e-03	nan	3.659512839403018108e-02	2.577095301562850049e-01	1.988337938938149474e-01
nan	1.437500000000000000e+00	1.437499999999999976e-03	nan	3.251105768028331178e-02	2.166186976193249514e-01	8.910135033152752349e-02
nan	nan	nan	nan	nan	nan	nan
nan	nan	nan	nan	nan	nan	nan
nan	0.000000000000000000e+00	0.000000000000000000e+00	0.000000000000000000e+00	0.000000000000000000e+00	0.000000000000000000e+00	0.000000000000000000e+00
nan	0.000000000000000000e+00	0.000000000000000000e+00	0.000000000000000000e+00	0.000000000000000000e+00	0.000000000000000000e+00	0.000000000000000000e+00
nan	0.000000000000000000e+00	0.000000000000000000e+00	0.000000000000000000e+00	0.000000000000000000e+00	0.000000000000000000e+00	0.000000000000000000e+00
nan	0.000000000000000000e+00	0.000000000000000000e+00	0.000000000000000000e+00	0.000000000000000000e+00	0.000000000000000000e+00	0.000000000000000000e+00
nan	0.000000000000000000e+00	0.000000000000000000e+00	0.000000000000000000e+00	0.000000000000000000e+00	0.000000000000000000e+00	0.000000000000000000e+00
nan	0.000000000000000000e+00	0.000000000000000000e+00	0.000000000000000000e+00	0.000000000000000000e+00	0.000000000000000000e+00	0.000000000000000000e+00
nan	0.000000000000000000e+00	0.000000000000000000e+00	0.000000000000000000e+00	0.000000000000000000e+00	0.000000000000000000e+00	0.000000000000000000e+00
nan	0.000000000000000000e+00	0.000000000000000000e+00	0.000000000000000000e+00	0.000000000000000000e+00	0.000000000000000000e+00	0.000000000000000000e+00
nan	0.000000000000000000e+00	0.000000000000000000e+00	0.000000000000000000e+00	0.000000000000000000e+00	0.000000000000000000e+00	0.000000000000000000e+00
nan	0.000000000000000000e+00	0.000000000000000000e+00	0.000000000000000000e+00	0.000000000000000000e+00	0.000000000000000000e+00	0.000000000000000000e+00
nan	0.000000000000000000e+00	0.000000000000000000e+00	0.000000000000000000e+00	0.000000000000000000e+00	0.000000000000000000e+00	0.000000000000000000e+00
nan	0.000000000000000000e+00	0.000000000000000000e+00	0.000000000000000000e+00	0.000000000000000000e+00	0.000000000000000000e+00	0.000000000000000000e+00
nan	0.000000000000000000e+00	0.000000000000000000e+00	0.000000000000000000e+00	0.000000000000000000e+00	0.000000000000000000e+00	0.000000000000000000e+00
nan	0.000000000000000000e+00	0.000000000000000000e+00	0.000000000000000000e+00	0.000000000000000000e+00	0.000000000000000000e+00	0.000000000000000000e+00
