# SourcePhotonFlux	NumberRaysSurvived	PercentageRaysSurvived	PhotonFlux	Bandwidth	HorizontalFocusFWHM	VerticalFocusFWHM
nan	0.000000000000000000e+00	0.000000000000000000e+00	0.000000000000000000e+00	0.000000000000000000e+00	0.000000000000000000e+00	0.000000000000000000e+00
nan	0.000000000000000000e+00	0.000000000000000000e+00	0.000000000000000000e+00	0.000000000000000000e+00	0.000000000000000000e+00	0.000000000000000000e+00
nan	0.000000000000000000e+00	0.000000000000000000e+00	0.000000000000000000e+00	0.000000000000000000e+00	0.000000000000000000e+00	0.000000000000000000e+00
nan	0.000000000000000000e+00	0.000000000000000000e+00	0.000000000000000000e+00	0.000000000000000000e+00	0.000000000000000000e+00	0.000000000000000000e+00
nan	0.000000000000000000e+00	0.000000000000000000e+00	0.000000000000000000e+00	0.000000000000000000e+00	0.000000000000000000e+00	0.000000000000000000e+00
nan	0.000000000000000000e+00	0.000000000000000000e+00	0.000000000000000000e+00	0.000000000000000000e+00	0.000000000000000000e+00	0.000000000000000000e+00
nan	0.000000000000000000e+00	0.000000000000000000e+00	0.000000000000000000e+00	0.000000000000000000e+00	0.000000000000000000e+00	0.000000000000000000e+00
nan	0.000000000000000000e+00	0.000000000000000000e+00	0.000000000000000000e+00	0.000000000000000000e+00	0.000000000000000000e+00	0.000000000000000000e+00
nan	0.000000000000000000e+00	0.000000000000000000e+00	0.000000000000000000e+00	0.000000000000000000e+00	0.000000000000000000e+00	0.000000000000000000e+00
nan	0.000000000000000000e+00	0.000000000000000000e+00	0.000000000000000000e+00	0.000000000000000000e+00	0.000000000000000000e+00	0.000000000000000000e+00
nan	7.950000000000000000e+01	7.950000000000000122e-02	nan	1.415891496122156923e-02	9.427421487374706977e-02	5.430951056957900036e-03
nan	2.035000000000000000e+02	2.034999999999999865e-01	nan	1.401949380694502735e-02	1.070721873079340386e-01	5.662715324786682380e-03
nan	4.346875000000000000e+02	4.346875000000000044e-01	nan	1.574962895231024618e-02	1.119247418925882476e-01	5.535257656482217570e-03
nan	7.901875000000000000e+02	7.901875000000000426e-01	nan	1.518130212063173445e-02	1.098435213987506154e-01	5.576649306355596636e-03
nan	1.298375000000000000e+03	1.298374999999999835e+00	nan	1.671315645840998343e-02	1.074083846690382232e-01	5.481626223158508893e-03
nan	1.966875000000000000e+03	1.966875000000000151e+00	nan	1.734794642107395646e-02	1.115680561475708155e-01	5.508986223239253910e-03
nan	2.714500000000000000e+03	2.714499999999999691e+00	nan	1.783050388004969733e-02	1.175297024970038684e-01	5.680812698499182467e-03
nan	3.343125000000000000e+03	3.343125000000000124e+00	nan	1.836732106942307041e-02	1.071830150156554695e-01	5.579108550457734239e-03
nan	4.026437500000000000e+03	4.026437500000000114e+00	nan	1.876879848053025768e-02	1.132469565329761868e-01	5.202924078874349156e-03
nan	4.725187500000000000e+03	4.725187500000000540e+00	nan	1.940391099662530650e-02	1.137679437793281539e-01	5.253078354998164112e-03
nan	5.511625000000000000e+03	5.511624999999999552e+00	nan	1.990000323939522531e-02	1.136662784044509267e-01	5.273013219547317831e-03
nan	6.202937500000000000e+03	6.202937500000000881e+00	nan	2.044901293965040168e-02	1.141741573276282007e-01	5.276384655049815020e-03
nan	6.728437500000000000e+03	6.728437500000000071e+00	nan	2.093087340880828151e-02	1.114208481840433806e-01	5.184865174607478089e-03
nan	7.326375000000000000e+03	7.326375000000000526e+00	nan	2.138675278319190909e-02	1.109604258365639029e-01	5.022891419878106056e-03
nan	7.897187500000000000e+03	7.897187500000000249e+00	nan	2.196776863968796789e-02	1.116175905413001740e-01	5.100682698881808808e-03
nan	8.334875000000000000e+03	8.334875000000000256e+00	nan	2.243260956852388688e-02	1.121913528396236426e-01	5.013882144854348022e-03
nan	8.574875000000000000e+03	8.574874999999998693e+00	nan	2.293233469618005671e-02	1.086055652767666524e-01	5.341547053005574197e-03
nan	8.800312500000000000e+03	8.800312500000000426e+00	nan	2.345944027041735325e-02	1.110463998694717902e-01	5.327680860924777217e-03
nan	9.031375000000000000e+03	9.031375000000000597e+00	nan	2.391069355261343787e-02	1.100600427434595269e-01	5.199425928309658884e-03
nan	9.214062500000000000e+03	9.214062500000000711e+00	nan	2.442635598045939105e-02	1.166708214288251083e-01	4.990353177994955036e-03
nan	9.205875000000000000e+03	9.205875000000000696e+00	nan	2.476525224648717938e-02	1.140420864470858692e-01	5.182528219990253926e-03
nan	9.200312500000000000e+03	9.200312499999999005e+00	nan	2.539444966827275607e-02	1.088557497628046544e-01	5.158816703368970802e-03
nan	9.145500000000000000e+03	9.145500000000000185e+00	nan	2.588719712083964453e-02	1.072353696251460708e-01	4.952753609574561677e-03
nan	9.127250000000000000e+03	9.127250000000000085e+00	nan	2.643176169059735514e-02	1.051543727617344215e-01	4.998698435028751941e-03
nan	9.089312500000000000e+03	9.089312500000000128e+00	nan	2.693868590438963651e-02	1.103683083117295433e-01	4.905465338610203591e-03
nan	8.978500000000000000e+03	8.978499999999998593e+00	nan	2.736975356343851473e-02	1.065546138079648542e-01	5.100925137834782727e-03
nan	8.919937500000000000e+03	8.919937499999999631e+00	nan	2.795484288402949602e-02	1.158745170210119801e-01	4.826076954413907605e-03
nan	8.870125000000000000e+03	8.870124999999999815e+00	nan	2.836421165872415884e-02	1.111489713016408087e-01	4.837578981162549141e-03
nan	8.787375000000000000e+03	8.787375000000000824e+00	nan	2.888438381872404648e-02	1.150596017250052061e-01	4.749218772533363164e-03
nan	8.767562500000000000e+03	8.767562500000000369e+00	nan	2.945335227452972049e-02	1.154387192405583185e-01	4.895242993408072119e-03
nan	8.745687500000000000e+03	8.745687499999998948e+00	nan	2.993517099409270799e-02	1.156834404033164482e-01	4.966375898248498455e-03
nan	8.688625000000000000e+03	8.688625000000000043e+00	nan	3.033845634301268746e-02	1.147641601956180812e-01	4.747864079741204169e-03
nan	8.703250000000000000e+03	8.703250000000000597e+00	nan	3.092893283062458920e-02	1.135891772621941409e-01	4.816633054577301731e-03
nan	8.654562500000000000e+03	8.654562500000000824e+00	nan	3.141968208280498942e-02	1.135819183578863772e-01	4.869751102949182453e-03
nan	8.617375000000000000e+03	8.617374999999999119e+00	nan	3.187044258886739811e-02	1.119864767097784874e-01	4.782073563287497775e-03
nan	8.643000000000000000e+03	8.642999999999998906e+00	nan	3.243886166440823615e-02	1.112729735232978190e-01	4.813609918955075173e-03
nan	8.625500000000000000e+03	8.625499999999998835e+00	nan	3.292909426256152017e-02	1.103083404352859509e-01	4.707250540061574950e-03
nan	8.657812500000000000e+03	8.657812500000000355e+00	nan	3.323053055505909015e-02	1.148720433024016802e-01	4.904165930566861675e-03
nan	8.634125000000000000e+03	8.634125000000000938e+00	nan	3.343228414841625806e-02	1.132661262958437193e-01	4.969964981865332421e-03
nan	8.646937500000000000e+03	8.646937499999999943e+00	nan	3.443156867751007155e-02	1.155223288613828336e-01	4.979491204070096710e-03
nan	8.641187500000000000e+03	8.641187500000000909e+00	nan	3.494341214924645556e-02	1.085408764663080006e-01	4.850208574885384039e-03
nan	8.628687500000000000e+03	8.628687500000001620e+00	nan	3.540703559051472382e-02	1.063919606574992155e-01	4.951986345312020532e-03
nan	8.675125000000000000e+03	8.675125000000001307e+00	nan	3.557724970593234559e-02	1.049117473291441144e-01	5.030935609570019729e-03
nan	8.591687500000000000e+03	8.591687499999999034e+00	nan	3.642249745691295004e-02	1.110352200754336910e-01	4.903520040333009256e-03
nan	8.566125000000000000e+03	8.566124999999999545e+00	nan	3.696184555362869162e-02	1.151504378424458436e-01	4.841270435440692133e-03
nan	8.524750000000000000e+03	8.524750000000000938e+00	nan	3.691273034570841105e-02	1.079233453694119077e-01	5.159913111987712853e-03
nan	8.458000000000000000e+03	8.458000000000000185e+00	nan	3.772727806490649982e-02	1.067740314301706545e-01	5.002743039979828943e-03
nan	8.390375000000000000e+03	8.390375000000000583e+00	nan	3.837341929493831572e-02	1.099302143058652759e-01	5.140890942623044246e-03
nan	8.358625000000000000e+03	8.358624999999999972e+00	nan	3.893872627187100477e-02	1.140843508660255301e-01	4.940180571165020407e-03
nan	8.307000000000000000e+03	8.307000000000000384e+00	nan	3.936174722994145725e-02	1.078058533946252978e-01	5.099845840968064703e-03
nan	8.229187500000000000e+03	8.229187500000000099e+00	nan	3.985787884859348651e-02	1.120393844334485189e-01	5.158944308403301537e-03
nan	8.221000000000000000e+03	8.221000000000000085e+00	nan	4.045623192786251821e-02	1.128256903493297797e-01	4.993173821034257998e-03
nan	8.124562500000000000e+03	8.124562499999999687e+00	nan	4.072482609522332098e-02	1.121932435785030630e-01	5.289336568093550017e-03
nan	7.979312500000000000e+03	7.979312499999999808e+00	nan	4.143827962103863172e-02	1.095920784751762689e-01	4.989776334621165432e-03
nan	7.805812500000000000e+03	7.805812500000000043e+00	nan	4.186906358857989119e-02	1.062018275086924479e-01	5.164726799625651843e-03
nan	7.641125000000000000e+03	7.641124999999999723e+00	nan	4.243892219958134149e-02	1.103387701502662743e-01	5.103891317947473194e-03
nan	7.452937500000000000e+03	7.452937499999999993e+00	nan	4.293248417434369912e-02	1.139377352136867055e-01	5.025946734774855429e-03
nan	7.291250000000000000e+03	7.291249999999999787e+00	nan	4.338613167387883607e-02	1.062672442473810569e-01	5.119212867218558838e-03
nan	7.030000000000000000e+03	7.029999999999999361e+00	nan	4.385856690278977510e-02	1.142820053603430253e-01	5.257773265296528109e-03
nan	6.730437500000000000e+03	6.730437499999999851e+00	nan	4.442257916705116827e-02	1.142504125085793826e-01	4.911483152919948747e-03
nan	6.421937500000000000e+03	6.421937500000000298e+00	nan	4.490134946221502332e-02	1.100800217764789368e-01	5.243448791863447589e-03
nan	6.162062500000000000e+03	6.162062499999999332e+00	nan	4.533975668445755502e-02	1.106367775206602566e-01	4.919490150483873947e-03
nan	5.665000000000000000e+03	5.665000000000000036e+00	nan	4.559682324989289270e-02	1.114785872360765373e-01	5.171600054032166049e-03
nan	5.203812500000000000e+03	5.203812499999999730e+00	nan	4.643944485267859079e-02	1.119277315771119580e-01	5.105379649367747241e-03
nan	4.657062500000000000e+03	4.657062500000000327e+00	nan	4.615560968223952898e-02	1.179683252557635342e-01	5.246654098885250583e-03
nan	4.019750000000000000e+03	4.019750000000000156e+00	nan	4.696130052712277347e-02	1.144940558676294795e-01	5.030868059500925860e-03
nan	3.401125000000000000e+03	3.401125000000000398e+00	nan	4.787644515913314081e-02	1.041164736793931400e-01	5.251917311275167144e-03
nan	2.884187500000000000e+03	2.884187499999999904e+00	nan	4.806595679264802357e-02	1.064468956103929997e-01	5.051971198109739269e-03
nan	2.381937500000000000e+03	2.381937500000000263e+00	nan	4.855607458056176995e-02	1.151540689248678750e-01	5.114900803966593301e-03
nan	1.968687500000000000e+03	1.968687499999999924e+00	nan	4.804457514234705684e-02	1.075639276742997863e-01	5.242247399447452771e-03
nan	1.612375000000000000e+03	1.612374999999999892e+00	nan	4.937732686118323500e-02	1.103665486343753943e-01	5.033967007090134338e-03
nan	1.289937500000000000e+03	1.289937499999999959e+00	nan	4.901750961723116973e-02	1.183810466080092993e-01	5.159013485744434746e-03
nan	1.018000000000000000e+03	1.018000000000000016e+00	nan	5.030445072974387699e-02	1.144983898984796300e-01	5.255572315295831132e-03
nan	8.338125000000000000e+02	8.338124999999999565e-01	nan	4.969537113584721055e-02	1.080815526786675917e-01	5.492646919236010561e-03
nan	7.023750000000000000e+02	7.023749999999999716e-01	nan	5.097187147173798394e-02	1.135559461063318509e-01	5.323140675791870891e-03
nan	6.123125000000000000e+02	6.123124999999999263e-01	nan	5.166611323574166192e-02	1.105871152658267909e-01	5.076422599747942854e-03
nan	5.193750000000000000e+02	5.193750000000000311e-01	nan	5.180846756987556034e-02	1.135078179222739625e-01	4.906850781049576504e-03
nan	4.664375000000000000e+02	4.664375000000000049e-01	nan	5.208933802019188875e-02	1.122885499458806113e-01	5.218940938024774212e-03
nan	3.904375000000000000e+02	3.904374999999999929e-01	nan	5.207610481669000535e-02	1.146462401698980227e-01	5.465439791126680547e-03
nan	3.454375000000000000e+02	3.454375000000000639e-01	nan	5.236473546621489561e-02	1.132544877059410149e-01	5.349205434773796064e-03
nan	3.064375000000000000e+02	3.064374999999999738e-01	nan	5.384395528434815503e-02	1.070043128904348412e-01	5.150350469193876179e-03
nan	2.728750000000000000e+02	2.728749999999999787e-01	nan	5.314648218101147847e-02	1.183102957742498129e-01	4.828358711325808628e-03
nan	2.575000000000000000e+02	2.574999999999999512e-01	nan	4.993355317605896460e-02	1.124938849245266381e-01	5.395272253644556315e-03
nan	2.401250000000000000e+02	2.401250000000000051e-01	nan	5.179100053595675490e-02	1.048216801526462710e-01	4.994174082825098004e-03
nan	2.224375000000000000e+02	2.224375000000000102e-01	nan	5.363789418896125483e-02	9.748758940966206765e-02	5.416843647600200207e-03
nan	2.117500000000000000e+02	2.117499999999999938e-01	nan	5.435741652543235602e-02	9.969431894713255693e-02	5.002868364020196523e-03
nan	1.981250000000000000e+02	1.981249999999999956e-01	nan	4.739179697058659713e-02	1.005232037911560072e-01	5.362274980095449450e-03
nan	1.868750000000000000e+02	1.868749999999999856e-01	nan	5.366490686301794710e-02	1.037294286795512055e-01	4.925540174732012666e-03
nan	1.795000000000000000e+02	1.794999999999999929e-01	nan	5.217051814918605146e-02	1.048424631676694169e-01	4.807437237933309682e-03
nan	1.722500000000000000e+02	1.722500000000000142e-01	nan	5.695340237804735750e-02	1.008071172887011757e-01	5.276752988613298001e-03
nan	1.665625000000000000e+02	1.665625000000000022e-01	nan	5.593452628754747025e-02	1.077658563067683817e-01	4.860355765293644659e-03
nan	1.606250000000000000e+02	1.606250000000000178e-01	nan	5.715888436454363841e-02	1.092827985945567931e-01	5.052215440468521557e-03
nan	1.561250000000000000e+02	1.561250000000000138e-01	nan	5.549571854974288954e-02	1.161459623268896735e-01	5.414506609384583946e-03
nan	1.520625000000000000e+02	1.520624999999999893e-01	nan	5.809586369402275352e-02	9.441716962750215658e-02	5.486001647195370978e-03
nan	1.494375000000000000e+02	1.494375000000000009e-01	nan	5.920675012887599564e-02	9.631036152658971339e-02	4.760281480215233785e-03
nan	0.000000000000000000e+00	0.000000000000000000e+00	0.000000000000000000e+00	0.000000000000000000e+00	0.000000000000000000e+00	0.000000000000000000e+00
nan	0.000000000000000000e+00	0.000000000000000000e+00	0.000000000000000000e+00	0.000000000000000000e+00	0.000000000000000000e+00	0.000000000000000000e+00
nan	0.000000000000000000e+00	0.000000000000000000e+00	0.000000000000000000e+00	0.000000000000000000e+00	0.000000000000000000e+00	0.000000000000000000e+00
nan	0.000000000000000000e+00	0.000000000000000000e+00	0.000000000000000000e+00	0.000000000000000000e+00	0.000000000000000000e+00	0.000000000000000000e+00
nan	0.000000000000000000e+00	0.000000000000000000e+00	0.000000000000000000e+00	0.000000000000000000e+00	0.000000000000000000e+00	0.000000000000000000e+00
nan	0.000000000000000000e+00	0.000000000000000000e+00	0.000000000000000000e+00	0.000000000000000000e+00	0.000000000000000000e+00	0.000000000000000000e+00
nan	0.000000000000000000e+00	0.000000000000000000e+00	0.000000000000000000e+00	0.000000000000000000e+00	0.000000000000000000e+00	0.000000000000000000e+00
nan	0.000000000000000000e+00	0.000000000000000000e+00	0.000000000000000000e+00	0.000000000000000000e+00	0.000000000000000000e+00	0.000000000000000000e+00
nan	0.000000000000000000e+00	0.000000000000000000e+00	0.000000000000000000e+00	0.000000000000000000e+00	0.000000000000000000e+00	0.000000000000000000e+00
nan	0.000000000000000000e+00	0.000000000000000000e+00	0.000000000000000000e+00	0.000000000000000000e+00	0.000000000000000000e+00	0.000000000000000000e+00
nan	5.975000000000000000e+01	5.974999999999999756e-02	nan	1.284071307401779549e-02	1.179650730297208544e-01	5.310686830414468318e-03
nan	1.524375000000000000e+02	1.524375000000000036e-01	nan	1.457960037730154923e-02	1.064994153042361918e-01	5.208551033237918126e-03
nan	3.182500000000000000e+02	3.182499999999999774e-01	nan	1.562237500588903316e-02	1.105826447662607570e-01	5.984703267579161157e-03
nan	5.822500000000000000e+02	5.822499999999999343e-01	nan	1.619038729778221608e-02	1.056820954672463425e-01	5.489349034459856114e-03
nan	9.597500000000000000e+02	9.597499999999999920e-01	nan	1.673386032847901106e-02	1.161968036242854718e-01	5.538091104523745756e-03
nan	1.465562500000000000e+03	1.465562500000000101e+00	nan	1.524879753350294465e-02	1.153893968489799748e-01	5.407546492691595041e-03
nan	2.009312500000000000e+03	2.009312500000000057e+00	nan	1.787186505183058216e-02	1.168478074187186688e-01	5.399171957860104953e-03
nan	2.487312500000000000e+03	2.487312500000000259e+00	nan	1.833875723032374339e-02	1.112766463500327319e-01	5.525733902105089967e-03
nan	2.960375000000000000e+03	2.960375000000000423e+00	nan	1.888333835924704829e-02	1.139124558380260471e-01	5.439365218411928993e-03
nan	3.515625000000000000e+03	3.515625000000000000e+00	nan	1.939298004930289920e-02	1.127387421885414215e-01	5.102314097358839895e-03
nan	4.055062500000000000e+03	4.055062500000000014e+00	nan	1.983866166924208585e-02	1.128538667813817342e-01	5.014311851397112996e-03
nan	4.561562500000000000e+03	4.561562499999999964e+00	nan	2.037791670925237497e-02	1.143314207943457728e-01	5.049128075227282686e-03
nan	5.007062500000000000e+03	5.007062499999999972e+00	nan	2.075969799198951193e-02	1.093265225561738663e-01	4.962060202123863561e-03
nan	5.417312500000000000e+03	5.417312499999999531e+00	nan	2.141703283790796775e-02	1.042040015236706807e-01	4.887178048386453533e-03
nan	5.803187500000000000e+03	5.803187499999999943e+00	nan	2.190432042952572544e-02	1.124657218274012771e-01	4.976954973417879735e-03
nan	6.154375000000000000e+03	6.154374999999999929e+00	nan	2.241142479180080471e-02	1.100670170671366466e-01	4.741265587616672050e-03
nan	6.305937500000000000e+03	6.305937499999999751e+00	nan	2.285176743981054415e-02	1.077819115848550613e-01	4.831947202314973433e-03
nan	6.525750000000000000e+03	6.525749999999999496e+00	nan	2.343721039232349312e-02	1.148150150108169232e-01	4.583158207402765472e-03
nan	6.646875000000000000e+03	6.646874999999999645e+00	nan	2.384060591517744854e-02	1.148254292773366880e-01	4.633117111262158305e-03
nan	6.785500000000000000e+03	6.785499999999999865e+00	nan	2.443486576810105504e-02	1.123790615195875697e-01	4.698363731321708592e-03
nan	6.782625000000000000e+03	6.782624999999999460e+00	nan	2.491376517069365804e-02	1.070093492126665685e-01	4.692873544300382727e-03
nan	6.773625000000000000e+03	6.773625000000000007e+00	nan	2.501238537853200938e-02	1.112996337082273052e-01	4.313305106497800079e-03
nan	6.736312500000000000e+03	6.736312499999999481e+00	nan	2.593943450184088562e-02	1.176846863839836888e-01	4.451052478233560872e-03
nan	6.732875000000000000e+03	6.732874999999999943e+00	nan	2.642287033326162771e-02	1.072874702326441360e-01	4.348364755202116516e-03
nan	6.714187500000000000e+03	6.714187500000000419e+00	nan	2.693539837149749872e-02	1.108813501887072339e-01	4.373010548080192433e-03
nan	6.673000000000000000e+03	6.673000000000000043e+00	nan	2.742973994928288306e-02	1.079760889547023150e-01	4.314274553620212060e-03
nan	6.629250000000000000e+03	6.629250000000000753e+00	nan	2.792054785436981490e-02	1.128284296896753247e-01	4.302926373660309611e-03
nan	6.553750000000000000e+03	6.553749999999999964e+00	nan	2.839547954090715365e-02	1.091994664931060510e-01	4.285025378634968463e-03
nan	6.505375000000000000e+03	6.505374999999999908e+00	nan	2.880774579785239098e-02	1.125522438284764365e-01	4.256967715490181381e-03
nan	6.448750000000000000e+03	6.448749999999999538e+00	nan	2.935793641035466806e-02	1.087429678797657284e-01	4.193164408236374485e-03
nan	6.462937500000000000e+03	6.462937500000000668e+00	nan	2.992787035974853183e-02	1.140899467885566620e-01	4.260013245385621539e-03
nan	6.429187500000000000e+03	6.429187500000001165e+00	nan	3.039744092218565896e-02	1.130373597738512231e-01	4.053558557510966720e-03
nan	6.404500000000000000e+03	6.404500000000000526e+00	nan	3.088263947262248621e-02	1.103893624416768388e-01	4.139908948187526194e-03
nan	6.420875000000000000e+03	6.420875000000000554e+00	nan	3.144227509768438011e-02	1.124097952988383498e-01	4.057672108214699369e-03
nan	6.415500000000000000e+03	6.415499999999999758e+00	nan	3.177233299260429078e-02	1.086060981470640674e-01	4.048421275589686452e-03
nan	6.402187500000000000e+03	6.402187499999999254e+00	nan	3.235361273224768297e-02	1.142520335234677165e-01	3.804551979310316634e-03
nan	6.393187500000000000e+03	6.393187499999999801e+00	nan	3.291797254053463462e-02	1.138061276147848411e-01	4.005089736579453552e-03
nan	6.420750000000000000e+03	6.420749999999999957e+00	nan	3.333591215555031795e-02	1.110483391951306992e-01	3.893675780848482315e-03
nan	6.357812500000000000e+03	6.357812499999999645e+00	nan	3.388630282823079654e-02	1.122015580824172465e-01	3.818618250256561319e-03
nan	6.388000000000000000e+03	6.387999999999999901e+00	nan	3.444681027162665998e-02	1.119873629028993733e-01	3.984000471874721283e-03
nan	6.358000000000000000e+03	6.358000000000000540e+00	nan	3.478313392681009475e-02	1.086349122883571855e-01	3.943744902666579399e-03
nan	6.386937500000000000e+03	6.386937500000000156e+00	nan	3.540049289303937030e-02	1.116748503263384484e-01	3.841313568086535124e-03
nan	6.381812500000000000e+03	6.381812499999999666e+00	nan	3.576236554198786166e-02	1.110933324043318904e-01	3.818909888258004148e-03
nan	6.363750000000000000e+03	6.363749999999999574e+00	nan	3.641467536207443345e-02	1.153326196637578654e-01	3.852018613492325105e-03
nan	6.312375000000000000e+03	6.312374999999999403e+00	nan	3.664729343250350269e-02	1.112367061036789173e-01	3.946789570604236630e-03
nan	6.307500000000000000e+03	6.307499999999999218e+00	nan	3.738365632655415993e-02	1.118189385415579717e-01	3.942637826380990251e-03
nan	6.263937500000000000e+03	6.263937499999999936e+00	nan	3.789062471130577592e-02	1.124291425698290825e-01	3.873823024441502838e-03
nan	6.197125000000000000e+03	6.197125000000000661e+00	nan	3.838656786030192336e-02	1.155143321586446642e-01	3.862467480630127348e-03
nan	6.156250000000000000e+03	6.156250000000000000e+00	nan	3.881589839159538258e-02	1.059979288241813533e-01	3.688031147759063266e-03
nan	6.140625000000000000e+03	6.140624999999999112e+00	nan	3.928278271895102591e-02	1.143608211424412824e-01	3.990982569618994891e-03
nan	6.141750000000000000e+03	6.141750000000000043e+00	nan	3.986956662362217685e-02	1.160273246537373154e-01	3.828644544944526107e-03
nan	6.067937500000000000e+03	6.067937500000000206e+00	nan	4.043547908812072933e-02	1.098403219271592290e-01	3.811071730275117364e-03
nan	5.978375000000000000e+03	5.978374999999999773e+00	nan	4.072255291218240814e-02	1.081151275064811401e-01	3.857144767889786330e-03
nan	5.885875000000000000e+03	5.885874999999999524e+00	nan	4.131565047415008962e-02	1.103866041298093154e-01	3.699736944241416303e-03
nan	5.765750000000000000e+03	5.765749999999999709e+00	nan	4.168481296215098553e-02	1.134977936638553037e-01	3.763751904873158249e-03
nan	5.632812500000000000e+03	5.632812500000000888e+00	nan	4.106845773035416869e-02	1.147166581995840429e-01	3.758108407972582388e-03
nan	5.525437500000000000e+03	5.525437499999999780e+00	nan	4.273753102541988369e-02	1.105055710588272455e-01	3.877362164785347343e-03
nan	5.384437500000000000e+03	5.384437500000000654e+00	nan	4.298356726522456484e-02	1.103364691024793787e-01	3.763277750561622170e-03
nan	5.182937500000000000e+03	5.182937499999999531e+00	nan	4.383982960075627489e-02	1.088523284435017752e-01	3.932024577932624609e-03
nan	4.980500000000000000e+03	4.980499999999999261e+00	nan	4.428698813903153564e-02	1.111779956385738205e-01	3.832645942693002628e-03
nan	4.778000000000000000e+03	4.778000000000000469e+00	nan	4.481516240849003907e-02	1.081478794868142579e-01	3.917433598331854228e-03
nan	4.550375000000000000e+03	4.550374999999999837e+00	nan	4.507263581187714863e-02	1.106132864465513566e-01	3.962243591202674331e-03
nan	4.214500000000000000e+03	4.214499999999999247e+00	nan	4.532917063222718923e-02	1.124033549505871338e-01	3.857846217693472468e-03
nan	3.788000000000000000e+03	3.788000000000000256e+00	nan	4.608444469386618891e-02	1.089088498030834212e-01	3.829024066913433444e-03
nan	3.422437500000000000e+03	3.422437500000000021e+00	nan	4.676464146661274413e-02	1.082280498098824872e-01	3.975600985264726717e-03
nan	2.965000000000000000e+03	2.964999999999999858e+00	nan	4.691766989634871265e-02	1.100831405250180667e-01	3.654442779649325068e-03
nan	2.524437500000000000e+03	2.524437500000000334e+00	nan	4.774450300805455072e-02	1.065754025095517754e-01	3.986315383258220990e-03
nan	2.143375000000000000e+03	2.143374999999999808e+00	nan	4.780021960573677120e-02	1.030798666914084366e-01	4.039766914357367789e-03
nan	1.779812500000000000e+03	1.779812500000000020e+00	nan	4.876574785049747618e-02	1.078855411666034408e-01	3.689866992720003402e-03
nan	1.432875000000000000e+03	1.432875000000000121e+00	nan	4.910438407336492617e-02	1.063353983725820601e-01	3.800531741152801679e-03
nan	1.177625000000000000e+03	1.177624999999999922e+00	nan	4.441938308496595766e-02	1.138243399006849815e-01	4.017914665160327026e-03
nan	9.616875000000000000e+02	9.616875000000000284e-01	nan	4.985883059384299543e-02	1.157634800665654773e-01	3.974716146865064914e-03
nan	7.603750000000000000e+02	7.603750000000000231e-01	nan	4.908331531442478024e-02	1.157131351419344450e-01	3.939085364782934917e-03
nan	6.263750000000000000e+02	6.263750000000000151e-01	nan	4.676391030373755475e-02	1.148709241903115852e-01	3.776317667008921575e-03
nan	5.138750000000000000e+02	5.138749999999999707e-01	nan	5.135282328635426552e-02	1.112364325051026365e-01	3.684969217737199543e-03
nan	4.403125000000000000e+02	4.403124999999999956e-01	nan	5.076930127165191209e-02	1.042961053939896604e-01	3.869725271744783868e-03
nan	3.949375000000000000e+02	3.949374999999999969e-01	nan	5.134570668399263127e-02	1.089540129377478128e-01	3.655852333690590150e-03
nan	3.394375000000000000e+02	3.394375000000000586e-01	nan	5.197277719834225707e-02	9.678388562231957093e-02	3.170744896348276498e-03
nan	2.914375000000000000e+02	2.914374999999999605e-01	nan	4.834392625299699375e-02	1.083121827674792537e-01	3.759280820440302762e-03
nan	2.534375000000000000e+02	2.534374999999999822e-01	nan	5.276560488827541917e-02	1.037865060586490029e-01	3.754349177231719459e-03
nan	2.178750000000000000e+02	2.178750000000000131e-01	nan	5.368777610551944690e-02	1.204734868700252370e-01	3.596193151951254663e-03
nan	1.979375000000000000e+02	1.979374999999999885e-01	nan	5.293269600073635672e-02	9.871239272291283673e-02	3.635933642633593088e-03
nan	1.870625000000000000e+02	1.870625000000000204e-01	nan	4.392252072009483754e-02	1.087485672730901243e-01	3.297735308566474011e-03
nan	1.793750000000000000e+02	1.793750000000000067e-01	nan	4.283138841498335125e-02	1.221093630251957884e-01	3.460687682632523909e-03
nan	1.660625000000000000e+02	1.660625000000000018e-01	nan	5.184306952652661948e-02	9.613776680219396353e-02	3.828083273087257155e-03
nan	1.580000000000000000e+02	1.580000000000000016e-01	nan	5.153730055419281086e-02	9.376142703683824908e-02	3.628830012744610478e-03
nan	1.458125000000000000e+02	1.458125000000000115e-01	nan	5.414383101421016420e-02	1.084221419787102098e-01	3.996648287777793129e-03
nan	1.406250000000000000e+02	1.406249999999999722e-01	nan	5.158464238977344962e-02	1.069871624708205043e-01	3.795158768131967619e-03
nan	1.353750000000000000e+02	1.353749999999999953e-01	nan	5.580603719918286743e-02	1.091460105516510182e-01	3.785380634028112645e-03
nan	1.290000000000000000e+02	1.290000000000000036e-01	nan	4.897640639669020857e-02	1.156346076038308884e-01	3.500760371613731436e-03
nan	1.215625000000000000e+02	1.215624999999999900e-01	nan	5.577268683303238106e-02	1.119859518211505228e-01	3.517939248598889179e-03
nan	1.178125000000000000e+02	1.178125000000000006e-01	nan	5.802895320352163822e-02	9.837618569712075489e-02	3.754635808074668901e-03
nan	1.185000000000000000e+02	1.185000000000000081e-01	nan	5.818672139393576970e-02	1.073739472587310340e-01	3.919159966137675255e-03
nan	1.142500000000000000e+02	1.142499999999999905e-01	nan	5.376424493353049172e-02	1.022146764205988517e-01	3.961559744854348253e-03
nan	1.095000000000000000e+02	1.095000000000000001e-01	nan	5.743719599043828339e-02	9.360969005896191408e-02	4.369114453620981386e-03
