# SourcePhotonFlux	NumberRaysSurvived	PercentageRaysSurvived	PhotonFlux	Bandwidth	HorizontalFocusFWHM	VerticalFocusFWHM
nan	0.000000000000000000e+00	0.000000000000000000e+00	0.000000000000000000e+00	0.000000000000000000e+00	0.000000000000000000e+00	0.000000000000000000e+00
nan	0.000000000000000000e+00	0.000000000000000000e+00	0.000000000000000000e+00	0.000000000000000000e+00	0.000000000000000000e+00	0.000000000000000000e+00
nan	0.000000000000000000e+00	0.000000000000000000e+00	0.000000000000000000e+00	0.000000000000000000e+00	0.000000000000000000e+00	0.000000000000000000e+00
nan	0.000000000000000000e+00	0.000000000000000000e+00	0.000000000000000000e+00	0.000000000000000000e+00	0.000000000000000000e+00	0.000000000000000000e+00
nan	0.000000000000000000e+00	0.000000000000000000e+00	0.000000000000000000e+00	0.000000000000000000e+00	0.000000000000000000e+00	0.000000000000000000e+00
nan	0.000000000000000000e+00	0.000000000000000000e+00	0.000000000000000000e+00	0.000000000000000000e+00	0.000000000000000000e+00	0.000000000000000000e+00
nan	0.000000000000000000e+00	0.000000000000000000e+00	0.000000000000000000e+00	0.000000000000000000e+00	0.000000000000000000e+00	0.000000000000000000e+00
nan	0.000000000000000000e+00	0.000000000000000000e+00	0.000000000000000000e+00	0.000000000000000000e+00	0.000000000000000000e+00	0.000000000000000000e+00
nan	0.000000000000000000e+00	0.000000000000000000e+00	0.000000000000000000e+00	0.000000000000000000e+00	0.000000000000000000e+00	0.000000000000000000e+00
nan	0.000000000000000000e+00	0.000000000000000000e+00	0.000000000000000000e+00	0.000000000000000000e+00	0.000000000000000000e+00	0.000000000000000000e+00
nan	3.180000000000000000e+02	3.180000000000000049e-01	nan	5.663565984488627691e-02	3.770968594949882791e-01	2.172380422783160014e-02
nan	8.140000000000000000e+02	8.139999999999999458e-01	nan	5.607797522778010940e-02	4.282887492317361544e-01	2.265086129914672952e-02
nan	1.738750000000000000e+03	1.738750000000000018e+00	nan	6.299851580924098471e-02	4.476989675703529903e-01	2.214103062592887028e-02
nan	3.160750000000000000e+03	3.160750000000000171e+00	nan	6.072520848252693781e-02	4.393740855950024615e-01	2.230659722542238654e-02
nan	5.193500000000000000e+03	5.193499999999999339e+00	nan	6.685262583363993372e-02	4.296335386761528929e-01	2.192650489263403557e-02
nan	7.867500000000000000e+03	7.867500000000000604e+00	nan	6.939178568429582583e-02	4.462722245902832618e-01	2.203594489295701564e-02
nan	1.085800000000000000e+04	1.085799999999999876e+01	nan	7.132201552019878932e-02	4.701188099880154736e-01	2.272325079399672987e-02
nan	1.337250000000000000e+04	1.337250000000000050e+01	nan	7.346928427769228165e-02	4.287320600626218781e-01	2.231643420183093696e-02
nan	1.610575000000000000e+04	1.610575000000000045e+01	nan	7.507519392212103071e-02	4.529878261319047472e-01	2.081169631549739663e-02
nan	1.890075000000000000e+04	1.890075000000000216e+01	nan	7.761564398650122598e-02	4.550717751173126158e-01	2.101231341999265645e-02
nan	2.204650000000000000e+04	2.204649999999999821e+01	nan	7.960001295758090123e-02	4.546651136178037067e-01	2.109205287818927133e-02
nan	2.481175000000000000e+04	2.481175000000000352e+01	nan	8.179605175860160671e-02	4.566966293105128027e-01	2.110553862019926008e-02
nan	2.691375000000000000e+04	2.691375000000000028e+01	nan	8.372349363523312604e-02	4.456833927361735226e-01	2.073946069842991236e-02
nan	2.930550000000000000e+04	2.930550000000000210e+01	nan	8.554701113276763635e-02	4.438417033462556116e-01	2.009156567951242423e-02
nan	3.158875000000000000e+04	3.158875000000000099e+01	nan	8.787107455875187156e-02	4.464703621652006960e-01	2.040273079552723523e-02
nan	3.333950000000000000e+04	3.333950000000000102e+01	nan	8.973043827409554751e-02	4.487654113584945703e-01	2.005552857941739209e-02
nan	3.429950000000000000e+04	3.429949999999999477e+01	nan	9.172933878472022684e-02	4.344222611070666096e-01	2.136618821202229679e-02
nan	3.520125000000000000e+04	3.520125000000000171e+01	nan	9.383776108166941299e-02	4.441855994778871608e-01	2.131072344369910887e-02
nan	3.612550000000000000e+04	3.612550000000000239e+01	nan	9.564277421045375149e-02	4.402401709738381075e-01	2.079770371323863554e-02
nan	3.685625000000000000e+04	3.685625000000000284e+01	nan	9.770542392183756419e-02	4.666832857153004332e-01	1.996141271197982014e-02
nan	3.682350000000000000e+04	3.682350000000000279e+01	nan	9.906100898594871751e-02	4.561683457883434767e-01	2.073011287996101570e-02
nan	3.680125000000000000e+04	3.680124999999999602e+01	nan	1.015777986730910243e-01	4.354229990512186177e-01	2.063526681347588321e-02
nan	3.658200000000000000e+04	3.658200000000000074e+01	nan	1.035487884833585781e-01	4.289414785005842834e-01	1.981101443829824671e-02
nan	3.650900000000000000e+04	3.650900000000000034e+01	nan	1.057270467623894206e-01	4.206174910469376860e-01	1.999479374011500776e-02
nan	3.635725000000000000e+04	3.635725000000000051e+01	nan	1.077547436175585460e-01	4.414732332469181730e-01	1.962186135444081436e-02
nan	3.591400000000000000e+04	3.591399999999999437e+01	nan	1.094790142537540589e-01	4.262184552318594166e-01	2.040370055133913091e-02
nan	3.567975000000000000e+04	3.567974999999999852e+01	nan	1.118193715361179841e-01	4.634980680840479206e-01	1.930430781765563042e-02
nan	3.548050000000000000e+04	3.548049999999999926e+01	nan	1.134568466348966354e-01	4.445958852065632350e-01	1.935031592465019656e-02
nan	3.514950000000000000e+04	3.514950000000000330e+01	nan	1.155375352748961859e-01	4.602384069000208244e-01	1.899687509013345266e-02
nan	3.507025000000000000e+04	3.507025000000000148e+01	nan	1.178134090981188820e-01	4.617548769622332738e-01	1.958097197363228847e-02
nan	3.498275000000000000e+04	3.498274999999999579e+01	nan	1.197406839763708319e-01	4.627337616132657927e-01	1.986550359299399382e-02
nan	3.475450000000000000e+04	3.475450000000000017e+01	nan	1.213538253720507498e-01	4.590566407824723250e-01	1.899145631896481667e-02
nan	3.481300000000000000e+04	3.481300000000000239e+01	nan	1.237157313224983568e-01	4.543567090487765636e-01	1.926653221830920693e-02
nan	3.461825000000000000e+04	3.461825000000000330e+01	nan	1.256787283312199577e-01	4.543276734315455090e-01	1.947900441179672981e-02
nan	3.446950000000000000e+04	3.446949999999999648e+01	nan	1.274817703554695925e-01	4.479459068391139498e-01	1.912829425314999110e-02
nan	3.457200000000000000e+04	3.457199999999999562e+01	nan	1.297554466576329446e-01	4.450918940931912759e-01	1.925443967582030069e-02
nan	3.450200000000000000e+04	3.450199999999999534e+01	nan	1.317163770502460807e-01	4.412333617411438036e-01	1.882900216024629980e-02
nan	3.463125000000000000e+04	3.463125000000000142e+01	nan	1.329221222202363606e-01	4.594881732096067206e-01	1.961666372226744670e-02
nan	3.453650000000000000e+04	3.453650000000000375e+01	nan	1.337291365936650323e-01	4.530645051833748771e-01	1.987985992746132968e-02
nan	3.458775000000000000e+04	3.458774999999999977e+01	nan	1.377262747100402862e-01	4.620893154455313345e-01	1.991796481628038684e-02
nan	3.456475000000000000e+04	3.456475000000000364e+01	nan	1.397736485969858222e-01	4.341635058652320023e-01	1.940083429954153615e-02
nan	3.451475000000000000e+04	3.451475000000000648e+01	nan	1.416281423620588953e-01	4.255678426299968620e-01	1.980794538124808213e-02
nan	3.470050000000000000e+04	3.470050000000000523e+01	nan	1.423089988237293824e-01	4.196469893165764575e-01	2.012374243828007891e-02
nan	3.436675000000000000e+04	3.436674999999999613e+01	nan	1.456899898276518002e-01	4.441408803017347640e-01	1.961408016133203702e-02
nan	3.426450000000000000e+04	3.426449999999999818e+01	nan	1.478473822145147665e-01	4.606017513697833743e-01	1.936508174176276853e-02
nan	3.409900000000000000e+04	3.409900000000000375e+01	nan	1.476509213828336442e-01	4.316933814776476308e-01	2.063965244795085141e-02
nan	3.383200000000000000e+04	3.383200000000000074e+01	nan	1.509091122596259993e-01	4.270961257206826178e-01	2.001097215991931577e-02
nan	3.356150000000000000e+04	3.356150000000000233e+01	nan	1.534936771797532629e-01	4.397208572234611035e-01	2.056356377049217699e-02
nan	3.343450000000000000e+04	3.343449999999999989e+01	nan	1.557549050874840191e-01	4.563374034641021204e-01	1.976072228466008163e-02
nan	3.322800000000000000e+04	3.322800000000000153e+01	nan	1.574469889197658290e-01	4.312234135785011913e-01	2.039938336387225881e-02
nan	3.291675000000000000e+04	3.291675000000000040e+01	nan	1.594315153943739460e-01	4.481575377337940758e-01	2.063577723361320615e-02
nan	3.288400000000000000e+04	3.288400000000000034e+01	nan	1.618249277114500728e-01	4.513027613973191188e-01	1.997269528413703199e-02
nan	3.249825000000000000e+04	3.249824999999999875e+01	nan	1.628993043808932839e-01	4.487729743140122518e-01	2.115734627237420007e-02
nan	3.191725000000000000e+04	3.191724999999999923e+01	nan	1.657531184841545269e-01	4.383683139007050755e-01	1.995910533848466173e-02
nan	3.122325000000000000e+04	3.122325000000000017e+01	nan	1.674762543543195648e-01	4.248073100347697917e-01	2.065890719850260737e-02
nan	3.056450000000000000e+04	3.056449999999999889e+01	nan	1.697556887983253660e-01	4.413550806010650973e-01	2.041556527178989278e-02
nan	2.981175000000000000e+04	2.981174999999999997e+01	nan	1.717299366973747965e-01	4.557509408547468222e-01	2.010378693909942172e-02
nan	2.916500000000000000e+04	2.916499999999999915e+01	nan	1.735445266955153443e-01	4.250689769895242276e-01	2.047685146887423535e-02
nan	2.812000000000000000e+04	2.811999999999999744e+01	nan	1.754342676111591004e-01	4.571280214413721010e-01	2.103109306118611244e-02
nan	2.692175000000000000e+04	2.692174999999999940e+01	nan	1.776903166682046731e-01	4.570016500343175303e-01	1.964593261167979499e-02
nan	2.568775000000000000e+04	2.568775000000000119e+01	nan	1.796053978488600933e-01	4.403200871059157473e-01	2.097379516745379036e-02
nan	2.464825000000000000e+04	2.464824999999999733e+01	nan	1.813590267378302201e-01	4.425471100826410265e-01	1.967796060193549579e-02
nan	2.266000000000000000e+04	2.266000000000000014e+01	nan	1.823872929995715708e-01	4.459143489443061492e-01	2.068640021612866420e-02
nan	2.081525000000000000e+04	2.081524999999999892e+01	nan	1.857577794107143632e-01	4.477109263084478319e-01	2.042151859747098896e-02
nan	1.862825000000000000e+04	1.862825000000000131e+01	nan	1.846224387289581159e-01	4.718733010230541369e-01	2.098661639554100233e-02
nan	1.607900000000000000e+04	1.607900000000000063e+01	nan	1.878452021084910939e-01	4.579762234705179180e-01	2.012347223800370344e-02
nan	1.360450000000000000e+04	1.360450000000000159e+01	nan	1.915057806365325632e-01	4.164658947175725601e-01	2.100766924510066858e-02
nan	1.153675000000000000e+04	1.153674999999999962e+01	nan	1.922638271705920943e-01	4.257875824415719990e-01	2.020788479243895708e-02
nan	9.527750000000000000e+03	9.527750000000001052e+00	nan	1.942242983222470798e-01	4.606162756994715002e-01	2.045960321586637320e-02
nan	7.874750000000000000e+03	7.874749999999999694e+00	nan	1.921783005693882274e-01	4.302557106971991452e-01	2.096898959778981109e-02
nan	6.449500000000000000e+03	6.449499999999999567e+00	nan	1.975093074447329400e-01	4.414661945375015772e-01	2.013586802836053735e-02
nan	5.159750000000000000e+03	5.159749999999999837e+00	nan	1.960700384689246789e-01	4.735241864320371974e-01	2.063605394297773898e-02
nan	4.072000000000000000e+03	4.072000000000000064e+00	nan	2.012178029189755080e-01	4.579935595939185200e-01	2.102228926118332453e-02
nan	3.335250000000000000e+03	3.335249999999999826e+00	nan	1.987814845433888422e-01	4.323262107146703670e-01	2.197058767694404224e-02
nan	2.809500000000000000e+03	2.809499999999999886e+00	nan	2.038874858869519358e-01	4.542237844253274037e-01	2.129256270316748356e-02
nan	2.449250000000000000e+03	2.449249999999999705e+00	nan	2.066644529429666477e-01	4.423484610633071634e-01	2.030569039899177142e-02
nan	2.077500000000000000e+03	2.077500000000000124e+00	nan	2.072338702795022414e-01	4.540312716890958500e-01	1.962740312419830602e-02
nan	1.865750000000000000e+03	1.865750000000000020e+00	nan	2.083573520807675550e-01	4.491541997835224453e-01	2.087576375209909685e-02
nan	1.561750000000000000e+03	1.561749999999999972e+00	nan	2.083044192667600214e-01	4.585849606795920907e-01	2.186175916450672219e-02
nan	1.381750000000000000e+03	1.381750000000000256e+00	nan	2.094589418648595824e-01	4.530179508237640595e-01	2.139682173909518426e-02
nan	1.225750000000000000e+03	1.225749999999999895e+00	nan	2.153758211373926201e-01	4.280172515617393647e-01	2.060140187677550472e-02
nan	1.091500000000000000e+03	1.091499999999999915e+00	nan	2.125859287240459139e-01	4.732411830969992517e-01	1.931343484530323451e-02
nan	1.030000000000000000e+03	1.029999999999999805e+00	nan	1.997342127042358584e-01	4.499755396981065525e-01	2.158108901457822526e-02
nan	9.605000000000000000e+02	9.605000000000000204e-01	nan	2.071640021438270196e-01	4.192867206105850841e-01	1.997669633130039202e-02
nan	8.897500000000000000e+02	8.897500000000000409e-01	nan	2.145515767558450193e-01	3.899503576386482706e-01	2.166737459040080083e-02
nan	8.470000000000000000e+02	8.469999999999999751e-01	nan	2.174296661017294241e-01	3.987772757885302277e-01	2.001147345608078609e-02
nan	7.925000000000000000e+02	7.924999999999999822e-01	nan	1.895671878823463885e-01	4.020928151646240289e-01	2.144909992038179780e-02
nan	7.475000000000000000e+02	7.474999999999999423e-01	nan	2.146596274520717884e-01	4.149177147182048220e-01	1.970216069892805066e-02
nan	7.180000000000000000e+02	7.179999999999999716e-01	nan	2.086820725967442058e-01	4.193698526706776675e-01	1.922974895173323873e-02
nan	6.890000000000000000e+02	6.890000000000000568e-01	nan	2.278136095121894300e-01	4.032284691548047029e-01	2.110701195445319200e-02
nan	6.662500000000000000e+02	6.662500000000000089e-01	nan	2.237381051501898810e-01	4.310634252270735267e-01	1.944142306117457863e-02
nan	6.425000000000000000e+02	6.425000000000000711e-01	nan	2.286355374581745536e-01	4.371311943782271725e-01	2.020886176187408623e-02
nan	6.245000000000000000e+02	6.245000000000000551e-01	nan	2.219828741989715581e-01	4.645838493075586939e-01	2.165802643753833578e-02
nan	6.082500000000000000e+02	6.082499999999999574e-01	nan	2.323834547760910141e-01	3.776686785100086263e-01	2.194400658878148391e-02
nan	5.977500000000000000e+02	5.977500000000000036e-01	nan	2.368270005155039826e-01	3.852414461063588536e-01	1.904112592086093514e-02
nan	0.000000000000000000e+00	0.000000000000000000e+00	0.000000000000000000e+00	0.000000000000000000e+00	0.000000000000000000e+00	0.000000000000000000e+00
nan	0.000000000000000000e+00	0.000000000000000000e+00	0.000000000000000000e+00	0.000000000000000000e+00	0.000000000000000000e+00	0.000000000000000000e+00
nan	0.000000000000000000e+00	0.000000000000000000e+00	0.000000000000000000e+00	0.000000000000000000e+00	0.000000000000000000e+00	0.000000000000000000e+00
nan	0.000000000000000000e+00	0.000000000000000000e+00	0.000000000000000000e+00	0.000000000000000000e+00	0.000000000000000000e+00	0.000000000000000000e+00
nan	0.000000000000000000e+00	0.000000000000000000e+00	0.000000000000000000e+00	0.000000000000000000e+00	0.000000000000000000e+00	0.000000000000000000e+00
nan	0.000000000000000000e+00	0.000000000000000000e+00	0.000000000000000000e+00	0.000000000000000000e+00	0.000000000000000000e+00	0.000000000000000000e+00
nan	0.000000000000000000e+00	0.000000000000000000e+00	0.000000000000000000e+00	0.000000000000000000e+00	0.000000000000000000e+00	0.000000000000000000e+00
nan	0.000000000000000000e+00	0.000000000000000000e+00	0.000000000000000000e+00	0.000000000000000000e+00	0.000000000000000000e+00	0.000000000000000000e+00
nan	0.000000000000000000e+00	0.000000000000000000e+00	0.000000000000000000e+00	0.000000000000000000e+00	0.000000000000000000e+00	0.000000000000000000e+00
nan	0.000000000000000000e+00	0.000000000000000000e+00	0.000000000000000000e+00	0.000000000000000000e+00	0.000000000000000000e+00	0.000000000000000000e+00
nan	2.390000000000000000e+02	2.389999999999999902e-01	nan	5.136285229607118197e-02	4.718602921188834176e-01	2.124274732165787327e-02
nan	6.097500000000000000e+02	6.097500000000000142e-01	nan	5.831840150920619692e-02	4.259976612169447674e-01	2.083420413295167251e-02
nan	1.273000000000000000e+03	1.272999999999999909e+00	nan	6.248950002355613265e-02	4.423305790650430280e-01	2.393881307031664463e-02
nan	2.329000000000000000e+03	2.328999999999999737e+00	nan	6.476154919112886432e-02	4.227283818689853701e-01	2.195739613783942445e-02
nan	3.839000000000000000e+03	3.838999999999999968e+00	nan	6.693544131391604424e-02	4.647872144971418873e-01	2.215236441809498302e-02
nan	5.862250000000000000e+03	5.862250000000000405e+00	nan	6.099519013401177858e-02	4.615575873959198994e-01	2.163018597076638017e-02
nan	8.037250000000000000e+03	8.037250000000000227e+00	nan	7.148746020732232864e-02	4.673912296748746753e-01	2.159668783144041981e-02
nan	9.949250000000000000e+03	9.949250000000001037e+00	nan	7.335502892129497354e-02	4.451065854001309274e-01	2.210293560842035987e-02
nan	1.184150000000000000e+04	1.184150000000000169e+01	nan	7.553335343698819315e-02	4.556498233521041885e-01	2.175746087364771597e-02
nan	1.406250000000000000e+04	1.406250000000000000e+01	nan	7.757192019721159681e-02	4.509549687541656859e-01	2.040925638943535958e-02
nan	1.622025000000000000e+04	1.622025000000000006e+01	nan	7.935464667696834340e-02	4.514154671255269369e-01	2.005724740558845198e-02
nan	1.824625000000000000e+04	1.824624999999999986e+01	nan	8.151166683700949989e-02	4.573256831773830910e-01	2.019651230090913074e-02
nan	2.002825000000000000e+04	2.002824999999999989e+01	nan	8.303879196795804774e-02	4.373060902246954651e-01	1.984824080849545425e-02
nan	2.166925000000000000e+04	2.166924999999999812e+01	nan	8.566813135163187098e-02	4.168160060946827228e-01	1.954871219354581413e-02
nan	2.321275000000000000e+04	2.321274999999999977e+01	nan	8.761728171810290178e-02	4.498628873096051084e-01	1.990781989367151894e-02
nan	2.461750000000000000e+04	2.461749999999999972e+01	nan	8.964569916720321885e-02	4.402680682685465863e-01	1.896506235046668820e-02
nan	2.522375000000000000e+04	2.522374999999999901e+01	nan	9.140706975924217659e-02	4.311276463394202452e-01	1.932778880925989373e-02
nan	2.610300000000000000e+04	2.610299999999999798e+01	nan	9.374884156929397250e-02	4.592600600432676927e-01	1.833263282961106189e-02
nan	2.658750000000000000e+04	2.658749999999999858e+01	nan	9.536242366070979415e-02	4.593017171093467521e-01	1.853246844504863322e-02
nan	2.714200000000000000e+04	2.714199999999999946e+01	nan	9.773946307240422016e-02	4.495162460783502789e-01	1.879345492528683437e-02
nan	2.713050000000000000e+04	2.713049999999999784e+01	nan	9.965506068277463214e-02	4.280373968506662741e-01	1.877149417720153091e-02
nan	2.709450000000000000e+04	2.709450000000000003e+01	nan	1.000495415141280375e-01	4.451985348329092207e-01	1.725322042599120032e-02
nan	2.694525000000000000e+04	2.694524999999999793e+01	nan	1.037577380073635425e-01	4.707387455359347550e-01	1.780420991293424349e-02
nan	2.693150000000000000e+04	2.693149999999999977e+01	nan	1.056914813330465108e-01	4.291498809305765438e-01	1.739345902080846606e-02
nan	2.685675000000000000e+04	2.685675000000000168e+01	nan	1.077415934859899949e-01	4.435254007548289357e-01	1.749204219232076973e-02
nan	2.669200000000000000e+04	2.669200000000000017e+01	nan	1.097189597971315322e-01	4.319043558188092602e-01	1.725709821448084824e-02
nan	2.651700000000000000e+04	2.651700000000000301e+01	nan	1.116821914174792596e-01	4.513137187587012988e-01	1.721170549464123845e-02
nan	2.621500000000000000e+04	2.621499999999999986e+01	nan	1.135819181636286146e-01	4.367978659724242041e-01	1.714010151453987385e-02
nan	2.602150000000000000e+04	2.602149999999999963e+01	nan	1.152309831914095639e-01	4.502089753139057460e-01	1.702787086196072552e-02
nan	2.579500000000000000e+04	2.579499999999999815e+01	nan	1.174317456414186722e-01	4.349718715190629137e-01	1.677265763294549794e-02
nan	2.585175000000000000e+04	2.585175000000000267e+01	nan	1.197114814389941273e-01	4.563597871542266482e-01	1.704005298154248615e-02
nan	2.571675000000000000e+04	2.571675000000000466e+01	nan	1.215897636887426358e-01	4.521494390954048925e-01	1.621423423004386688e-02
nan	2.561800000000000000e+04	2.561800000000000210e+01	nan	1.235305578904899448e-01	4.415574497667073550e-01	1.655963579275010478e-02
nan	2.568350000000000000e+04	2.568350000000000222e+01	nan	1.257691003907375205e-01	4.496391811953533990e-01	1.623068843285879748e-02
nan	2.566200000000000000e+04	2.566199999999999903e+01	nan	1.270893319704171631e-01	4.344243925882562696e-01	1.619368510235874581e-02
nan	2.560875000000000000e+04	2.560874999999999702e+01	nan	1.294144509289907319e-01	4.570081340938708658e-01	1.521820791724126654e-02
nan	2.557275000000000000e+04	2.557274999999999920e+01	nan	1.316718901621385385e-01	4.552245104591393643e-01	1.602035894631781421e-02
nan	2.568300000000000000e+04	2.568299999999999983e+01	nan	1.333436486222012718e-01	4.441933567805227967e-01	1.557470312339392926e-02
nan	2.543125000000000000e+04	2.543124999999999858e+01	nan	1.355452113129231861e-01	4.488062323296689859e-01	1.527447300102624528e-02
nan	2.555200000000000000e+04	2.555199999999999960e+01	nan	1.377872410865066399e-01	4.479494516115974934e-01	1.593600188749888513e-02
nan	2.543200000000000000e+04	2.543200000000000216e+01	nan	1.391325357072403790e-01	4.345396491534287420e-01	1.577497961066631760e-02
nan	2.554775000000000000e+04	2.554775000000000063e+01	nan	1.416019715721574812e-01	4.466994013053537937e-01	1.536525427234614050e-02
nan	2.552725000000000000e+04	2.552724999999999866e+01	nan	1.430494621679514466e-01	4.443733296173275615e-01	1.527563955303201659e-02
nan	2.545500000000000000e+04	2.545499999999999829e+01	nan	1.456587014482977338e-01	4.613304786550314618e-01	1.540807445396930042e-02
nan	2.524950000000000000e+04	2.524949999999999761e+01	nan	1.465891737300140107e-01	4.449468244147156692e-01	1.578715828241694652e-02
nan	2.523000000000000000e+04	2.522999999999999687e+01	nan	1.495346253062166397e-01	4.472757541662318870e-01	1.577055130552396101e-02
nan	2.505575000000000000e+04	2.505574999999999974e+01	nan	1.515624988452231037e-01	4.497165702793163300e-01	1.549529209776601135e-02
nan	2.478850000000000000e+04	2.478850000000000264e+01	nan	1.535462714412076934e-01	4.620573286345786568e-01	1.544986992252050939e-02
nan	2.462500000000000000e+04	2.462500000000000000e+01	nan	1.552635935663815303e-01	4.239917152967254133e-01	1.475212459103625307e-02
nan	2.456250000000000000e+04	2.456249999999999645e+01	nan	1.571311308758041037e-01	4.574432845697651295e-01	1.596393027847597956e-02
nan	2.456700000000000000e+04	2.456700000000000017e+01	nan	1.594782664944887074e-01	4.641092986149492616e-01	1.531457817977810443e-02
nan	2.427175000000000000e+04	2.427175000000000082e+01	nan	1.617419163524829173e-01	4.393612877086369162e-01	1.524428692110046946e-02
nan	2.391350000000000000e+04	2.391349999999999909e+01	nan	1.628902116487296325e-01	4.324605100259245605e-01	1.542857907155914532e-02
nan	2.354350000000000000e+04	2.354349999999999810e+01	nan	1.652626018966003585e-01	4.415464165192372614e-01	1.479894777696566521e-02
nan	2.306300000000000000e+04	2.306299999999999883e+01	nan	1.667392518486039421e-01	4.539911746554212146e-01	1.505500761949263300e-02
nan	2.253125000000000000e+04	2.253125000000000355e+01	nan	1.642738309214166748e-01	4.588666327983361715e-01	1.503243363189032955e-02
nan	2.210175000000000000e+04	2.210174999999999912e+01	nan	1.709501241016795348e-01	4.420222842353089820e-01	1.550944865914138937e-02
nan	2.153775000000000000e+04	2.153775000000000261e+01	nan	1.719342690608982593e-01	4.413458764099175147e-01	1.505311100224648868e-02
nan	2.073175000000000000e+04	2.073174999999999812e+01	nan	1.753593184030250995e-01	4.354093137740071007e-01	1.572809831173049844e-02
nan	1.992200000000000000e+04	1.992199999999999704e+01	nan	1.771479525561261426e-01	4.447119825542952820e-01	1.533058377077201051e-02
nan	1.911200000000000000e+04	1.911200000000000188e+01	nan	1.792606496339601563e-01	4.325915179472570316e-01	1.566973439332741691e-02
nan	1.820150000000000000e+04	1.820149999999999935e+01	nan	1.802905432475085945e-01	4.424531457862054262e-01	1.584897436481069732e-02
nan	1.685800000000000000e+04	1.685799999999999699e+01	nan	1.813166825289087569e-01	4.496134198023485351e-01	1.543138487077388987e-02
nan	1.515200000000000000e+04	1.515200000000000102e+01	nan	1.843377787754647557e-01	4.356353992123336849e-01	1.531609626765373378e-02
nan	1.368975000000000000e+04	1.368975000000000009e+01	nan	1.870585658664509765e-01	4.329121992395299490e-01	1.590240394105890687e-02
nan	1.186000000000000000e+04	1.185999999999999943e+01	nan	1.876706795853948506e-01	4.403325621000722667e-01	1.461777111859730027e-02
nan	1.009775000000000000e+04	1.009775000000000134e+01	nan	1.909780120322182029e-01	4.263016100382071016e-01	1.594526153303288396e-02
nan	8.573500000000000000e+03	8.573499999999999233e+00	nan	1.912008784229470848e-01	4.123194667656337464e-01	1.615906765742947115e-02
nan	7.119250000000000000e+03	7.119250000000000078e+00	nan	1.950629914019899047e-01	4.315421646664137634e-01	1.475946797088001361e-02
nan	5.731500000000000000e+03	5.731500000000000483e+00	nan	1.964175362934597047e-01	4.253415934903282403e-01	1.520212696461120672e-02
nan	4.710500000000000000e+03	4.710499999999999687e+00	nan	1.776775323398638307e-01	4.552973596027399261e-01	1.607165866064130810e-02
nan	3.846750000000000000e+03	3.846750000000000114e+00	nan	1.994353223753719817e-01	4.630539202662619092e-01	1.589886458746025966e-02
nan	3.041500000000000000e+03	3.041500000000000092e+00	nan	1.963332612576991210e-01	4.628525405677377802e-01	1.575634145913173967e-02
nan	2.505500000000000000e+03	2.505500000000000060e+00	nan	1.870556412149502190e-01	4.594836967612463408e-01	1.510527066803568630e-02
nan	2.055500000000000000e+03	2.055499999999999883e+00	nan	2.054112931454170621e-01	4.449457300204105459e-01	1.473987687094879817e-02
nan	1.761250000000000000e+03	1.761249999999999982e+00	nan	2.030772050866076484e-01	4.171844215759586416e-01	1.547890108697913547e-02
nan	1.579750000000000000e+03	1.579749999999999988e+00	nan	2.053828267359705251e-01	4.358160517509912513e-01	1.462340933476236060e-02
nan	1.357750000000000000e+03	1.357750000000000234e+00	nan	2.078911087933690283e-01	3.871355424892782837e-01	1.268297958539310599e-02
nan	1.165750000000000000e+03	1.165749999999999842e+00	nan	1.933757050119879750e-01	4.332487310699170147e-01	1.503712328176121105e-02
nan	1.013750000000000000e+03	1.013749999999999929e+00	nan	2.110624195531016767e-01	4.151460242345960117e-01	1.501739670892687784e-02
nan	8.715000000000000000e+02	8.715000000000000524e-01	nan	2.147511044220777876e-01	4.818939474801009482e-01	1.438477260780501865e-02
nan	7.917500000000000000e+02	7.917499999999999538e-01	nan	2.117307840029454269e-01	3.948495708916513469e-01	1.454373457053437235e-02
nan	7.482500000000000000e+02	7.482500000000000817e-01	nan	1.756900828803793502e-01	4.349942690923604971e-01	1.319094123426589604e-02
nan	7.175000000000000000e+02	7.175000000000000266e-01	nan	1.713255536599334050e-01	4.884374521007831538e-01	1.384275073053009564e-02
nan	6.642500000000000000e+02	6.642500000000000071e-01	nan	2.073722781061064779e-01	3.845510672087758541e-01	1.531233309234902862e-02
nan	6.320000000000000000e+02	6.320000000000000062e-01	nan	2.061492022167712435e-01	3.750457081473529963e-01	1.451532005097844191e-02
nan	5.832500000000000000e+02	5.832500000000000462e-01	nan	2.165753240568406568e-01	4.336885679148408390e-01	1.598659315111117252e-02
nan	5.625000000000000000e+02	5.624999999999998890e-01	nan	2.063385695590937985e-01	4.279486498832820174e-01	1.518063507252787048e-02
nan	5.415000000000000000e+02	5.414999999999999813e-01	nan	2.232241487967314697e-01	4.365840422066040727e-01	1.514152253611245058e-02
nan	5.160000000000000000e+02	5.160000000000000142e-01	nan	1.959056255867608343e-01	4.625384304153235537e-01	1.400304148645492575e-02
nan	4.862500000000000000e+02	4.862499999999999600e-01	nan	2.230907473321295242e-01	4.479438072846020913e-01	1.407175699439555672e-02
nan	4.712500000000000000e+02	4.712500000000000022e-01	nan	2.321158128140865529e-01	3.935047427884830196e-01	1.501854323229867560e-02
nan	4.740000000000000000e+02	4.740000000000000324e-01	nan	2.327468855757430788e-01	4.294957890349241358e-01	1.567663986455070102e-02
nan	4.570000000000000000e+02	4.569999999999999618e-01	nan	2.150569797341219669e-01	4.088587056823954069e-01	1.584623897941739301e-02
nan	4.380000000000000000e+02	4.380000000000000004e-01	nan	2.297487839617531336e-01	3.744387602358476563e-01	1.747645781448392555e-02
