30.0
30.1
30.200000000000003
30.300000000000004
30.400000000000006
30.500000000000007
30.60000000000001
30.70000000000001
30.80000000000001
30.900000000000013
31.000000000000014
31.100000000000016
31.200000000000017
31.30000000000002
31.40000000000002
31.50000000000002
31.600000000000023
31.700000000000024
31.800000000000026
31.900000000000027
32.00000000000003
32.10000000000003
32.20000000000003
32.30000000000003
32.400000000000034
32.500000000000036
32.60000000000004
32.70000000000004
32.80000000000004
32.90000000000004
33.00000000000004
33.100000000000044
33.200000000000045
33.30000000000005
33.40000000000005
33.50000000000005
33.60000000000005
33.70000000000005
33.800000000000054
33.900000000000055
34.00000000000006
34.10000000000006
34.20000000000006
34.30000000000006
34.40000000000006
34.500000000000064
34.600000000000065
34.70000000000007
34.80000000000007
34.90000000000007
35.00000000000007
35.10000000000007
35.200000000000074
35.300000000000075
35.40000000000008
35.50000000000008
35.60000000000008
35.70000000000008
35.80000000000008
35.900000000000084
36.000000000000085
36.10000000000009
36.20000000000009
36.30000000000009
36.40000000000009
36.50000000000009
36.600000000000094
36.700000000000095
36.8000000000001
36.9000000000001
37.0000000000001
37.1000000000001
37.2000000000001
37.300000000000104
37.400000000000105
37.50000000000011
37.60000000000011
37.70000000000011
37.80000000000011
37.90000000000011
38.000000000000114
38.100000000000115
38.20000000000012
38.30000000000012
38.40000000000012
38.50000000000012
38.60000000000012
38.700000000000124
38.800000000000125
38.90000000000013
39.00000000000013
39.10000000000013
39.20000000000013
39.30000000000013
39.400000000000134
39.500000000000135
39.600000000000136
39.70000000000014
39.80000000000014
39.90000000000014
40.00000000000014
40.10000000000014
40.200000000000145
40.300000000000146
40.40000000000015
40.50000000000015
40.60000000000015
40.70000000000015
40.80000000000015
40.900000000000155
41.000000000000156
41.10000000000016
41.20000000000016
41.30000000000016
41.40000000000016
41.50000000000016
41.600000000000165
41.700000000000166
41.80000000000017
41.90000000000017
42.00000000000017
42.10000000000017
42.20000000000017
42.300000000000175
42.400000000000176
42.50000000000018
42.60000000000018
42.70000000000018
42.80000000000018
42.90000000000018
43.000000000000185
43.100000000000186
43.20000000000019
43.30000000000019
43.40000000000019
43.50000000000019
43.60000000000019
43.700000000000195
43.800000000000196
43.9000000000002
44.0000000000002
44.1000000000002
44.2000000000002
44.3000000000002
44.400000000000205
44.500000000000206
44.60000000000021
44.70000000000021
44.80000000000021
44.90000000000021
45.00000000000021
45.100000000000215
45.200000000000216
45.30000000000022
45.40000000000022
45.50000000000022
45.60000000000022
45.70000000000022
45.800000000000225
45.900000000000226
46.00000000000023
46.10000000000023
46.20000000000023
46.30000000000023
46.40000000000023
46.500000000000234
46.600000000000236
46.70000000000024
46.80000000000024
46.90000000000024
47.00000000000024
47.10000000000024
47.200000000000244
47.300000000000246
47.40000000000025
47.50000000000025
47.60000000000025
47.70000000000025
47.80000000000025
47.900000000000254
48.000000000000256
48.10000000000026
48.20000000000026
48.30000000000026
48.40000000000026
48.50000000000026
48.600000000000264
48.700000000000266
48.80000000000027
48.90000000000027
49.00000000000027
49.10000000000027
49.20000000000027
49.300000000000274
49.400000000000276
49.50000000000028
49.60000000000028
49.70000000000028
49.80000000000028
49.90000000000028
