# SourcePhotonFlux	NumberRaysSurvived	PercentageRaysSurvived	PhotonFlux	Bandwidth	HorizontalFocusFWHM	VerticalFocusFWHM
nan	0.000000000000000000e+00	0.000000000000000000e+00	0.000000000000000000e+00	0.000000000000000000e+00	0.000000000000000000e+00	0.000000000000000000e+00
nan	0.000000000000000000e+00	0.000000000000000000e+00	0.000000000000000000e+00	0.000000000000000000e+00	0.000000000000000000e+00	0.000000000000000000e+00
nan	0.000000000000000000e+00	0.000000000000000000e+00	0.000000000000000000e+00	0.000000000000000000e+00	0.000000000000000000e+00	0.000000000000000000e+00
nan	0.000000000000000000e+00	0.000000000000000000e+00	0.000000000000000000e+00	0.000000000000000000e+00	0.000000000000000000e+00	0.000000000000000000e+00
nan	0.000000000000000000e+00	0.000000000000000000e+00	0.000000000000000000e+00	0.000000000000000000e+00	0.000000000000000000e+00	0.000000000000000000e+00
nan	0.000000000000000000e+00	0.000000000000000000e+00	0.000000000000000000e+00	0.000000000000000000e+00	0.000000000000000000e+00	0.000000000000000000e+00
nan	0.000000000000000000e+00	0.000000000000000000e+00	0.000000000000000000e+00	0.000000000000000000e+00	0.000000000000000000e+00	0.000000000000000000e+00
nan	0.000000000000000000e+00	0.000000000000000000e+00	0.000000000000000000e+00	0.000000000000000000e+00	0.000000000000000000e+00	0.000000000000000000e+00
nan	0.000000000000000000e+00	0.000000000000000000e+00	0.000000000000000000e+00	0.000000000000000000e+00	0.000000000000000000e+00	0.000000000000000000e+00
nan	0.000000000000000000e+00	0.000000000000000000e+00	0.000000000000000000e+00	0.000000000000000000e+00	0.000000000000000000e+00	0.000000000000000000e+00
nan	9.912000000000000455e+01	9.911999999999998590e-02	nan	1.099727434442371657e-02	8.064721393224509594e-02	4.312515078645873072e-03
nan	1.550400000000000205e+02	1.550400000000000111e-01	nan	1.138081160166564201e-02	8.678313488098542139e-02	4.546096761558189245e-03
nan	2.282800000000000296e+02	2.282800000000000384e-01	nan	1.170618645943505981e-02	8.863694631659620182e-02	4.340693492945746357e-03
nan	3.211999999999999886e+02	3.211999999999999855e-01	nan	1.228377062230606373e-02	8.232070177443759351e-02	4.371224045316139672e-03
nan	4.210000000000000000e+02	4.209999999999999853e-01	nan	1.292194629736343435e-02	8.556626349951527988e-02	4.316930012492647614e-03
nan	5.331200000000000045e+02	5.331200000000000383e-01	nan	1.357482219010592087e-02	8.884395682008479345e-02	4.388222919548425902e-03
nan	6.462400000000000091e+02	6.462399999999999256e-01	nan	1.405323819816032757e-02	8.970775326093297086e-02	4.281745047463232992e-03
nan	7.315199999999999818e+02	7.315199999999999481e-01	nan	1.457301425290893383e-02	8.752722121336349581e-02	4.152680506061585605e-03
nan	8.149600000000000364e+02	8.149600000000001288e-01	nan	1.506979927555278029e-02	9.073811673847828607e-02	3.956612448392391769e-03
nan	8.925600000000000591e+02	8.925599999999999090e-01	nan	1.532787336611136052e-02	8.480629384441430718e-02	4.189483020343978160e-03
nan	9.802799999999999727e+02	9.802800000000001512e-01	nan	1.583774921113558637e-02	8.978462246511599576e-02	4.174180954676707037e-03
nan	1.059079999999999927e+03	1.059080000000000021e+00	nan	1.628518500942391367e-02	8.695673820462503090e-02	4.030795797053130305e-03
nan	1.107839999999999918e+03	1.107839999999999936e+00	nan	1.656674520076137358e-02	8.565517648564882625e-02	3.900871701561144014e-03
nan	1.182480000000000018e+03	1.182479999999999976e+00	nan	1.697691347063084652e-02	9.482900995380336151e-02	3.966764054913092530e-03
nan	1.273000000000000000e+03	1.273000000000000131e+00	nan	1.744438132960510895e-02	9.265933209765246648e-02	3.986444209372521502e-03
nan	1.364559999999999945e+03	1.364559999999999773e+00	nan	1.779361307504245815e-02	9.042322589713433501e-02	3.860023354404536287e-03
nan	1.434799999999999955e+03	1.434800000000000297e+00	nan	1.792659409280588506e-02	8.835602435148551259e-02	3.847028786753981140e-03
nan	1.519480000000000018e+03	1.519480000000000164e+00	nan	1.865544531798036393e-02	8.710257385048329748e-02	4.175996079621118254e-03
nan	1.601799999999999955e+03	1.601800000000000113e+00	nan	1.898231488320050245e-02	9.034847033029311247e-02	4.043598270463188982e-03
nan	1.680720000000000027e+03	1.680720000000000214e+00	nan	1.946084733047371423e-02	9.042953244842096006e-02	4.087517275068642056e-03
nan	1.736359999999999900e+03	1.736360000000000126e+00	nan	1.980675950600186558e-02	8.994481400751601352e-02	3.904872542536645588e-03
nan	1.798480000000000018e+03	1.798480000000000079e+00	nan	2.022017452046668412e-02	9.074573972359839535e-02	3.957453568204849156e-03
nan	1.861879999999999882e+03	1.861879999999999979e+00	nan	2.050333907876904574e-02	8.904198109755366575e-02	4.017729866837767630e-03
nan	1.917720000000000027e+03	1.917719999999999869e+00	nan	2.105966085650209235e-02	8.678619897745219747e-02	3.671444622042883184e-03
nan	1.958400000000000091e+03	1.958400000000000363e+00	nan	2.141105949952020610e-02	9.162483689628084238e-02	3.864767636151116015e-03
nan	1.998879999999999882e+03	1.998880000000000212e+00	nan	2.182175803598226937e-02	9.259627934420779083e-02	3.881455963536369850e-03
nan	2.012359999999999900e+03	2.012360000000000149e+00	nan	2.225835472355072384e-02	8.516891777888963011e-02	3.910569382320984791e-03
nan	2.004879999999999882e+03	2.004879999999999995e+00	nan	2.267575833291175444e-02	8.800868648760037938e-02	3.789977508357198713e-03
nan	2.014320000000000164e+03	2.014320000000000110e+00	nan	2.304222188239577959e-02	8.700090532330380377e-02	3.827731156407958215e-03
nan	1.994480000000000018e+03	1.994480000000000031e+00	nan	2.340503159531976893e-02	9.164999895572656374e-02	3.679912332239858481e-03
nan	1.987279999999999973e+03	1.987279999999999713e+00	nan	2.388216066220593542e-02	8.769657184570300856e-02	3.718598812668512388e-03
nan	1.946359999999999900e+03	1.946360000000000312e+00	nan	2.414901927185440084e-02	8.944522161224910395e-02	3.868907453936119151e-03
nan	1.915040000000000191e+03	1.915039999999999853e+00	nan	2.455530298927442387e-02	9.050855488069983745e-02	3.724437230058512318e-03
nan	1.847799999999999955e+03	1.847800000000000109e+00	nan	2.505654788726531176e-02	8.933838245207441353e-02	3.728120478143406077e-03
nan	1.799359999999999900e+03	1.799359999999999626e+00	nan	2.538103404923276393e-02	8.964939121705675640e-02	3.858231377140412810e-03
nan	1.747799999999999955e+03	1.747799999999999798e+00	nan	2.570260231918155072e-02	9.172656496352633859e-02	3.965814367767635587e-03
nan	1.684000000000000000e+03	1.683999999999999719e+00	nan	2.582484571961799619e-02	8.965655736243810514e-02	3.854539004651798186e-03
nan	1.611000000000000000e+03	1.610999999999999988e+00	nan	2.641045474499037482e-02	8.659198581826396679e-02	3.770183976134973500e-03
nan	1.537720000000000027e+03	1.537719999999999754e+00	nan	2.695191894856975232e-02	9.104312953628730665e-02	3.763464871006405674e-03
nan	1.473879999999999882e+03	1.473879999999999857e+00	nan	2.711879973726922730e-02	9.108413060016624929e-02	3.920070924179021830e-03
nan	1.416720000000000027e+03	1.416720000000000201e+00	nan	2.772718469486903925e-02	9.053683476419764620e-02	3.949988445819166069e-03
nan	1.385879999999999882e+03	1.385879999999999779e+00	nan	2.688919758284896711e-02	8.539562563590034905e-02	3.981539378109779682e-03
nan	1.347679999999999836e+03	1.347679999999999989e+00	nan	2.853941056456505906e-02	8.843695943626897482e-02	3.991317919814605861e-03
nan	1.339720000000000027e+03	1.339720000000000244e+00	nan	2.904680711071364746e-02	8.490135205935829543e-02	3.812849269776030607e-03
nan	1.315679999999999836e+03	1.315679999999999961e+00	nan	2.929288159139218847e-02	8.325364443323834962e-02	3.941202589420314192e-03
nan	1.306839999999999918e+03	1.306840000000000224e+00	nan	2.930095852507975246e-02	8.890142828196163916e-02	3.928277691333548552e-03
nan	1.284639999999999873e+03	1.284640000000000004e+00	nan	3.016844028815853646e-02	8.914257941316405809e-02	3.872203884418823176e-03
nan	1.288079999999999927e+03	1.288079999999999892e+00	nan	3.034061082954849636e-02	8.865915752781775017e-02	3.891147141526545006e-03
nan	1.280480000000000018e+03	1.280480000000000063e+00	nan	3.061161340920193902e-02	9.204380800828033948e-02	3.955090464666177578e-03
nan	1.283120000000000118e+03	1.283119999999999816e+00	nan	3.130652029331144892e-02	9.019640924482243138e-02	4.013649099435597119e-03
nan	1.268559999999999945e+03	1.268559999999999910e+00	nan	3.141147963785101416e-02	9.239214560227081152e-02	3.852567757307738538e-03
nan	1.244920000000000073e+03	1.244920000000000027e+00	nan	3.214851012026542776e-02	9.164533689585623033e-02	3.895974567245055146e-03
nan	1.193559999999999945e+03	1.193559999999999954e+00	nan	3.202958718838203739e-02	8.866009109886965889e-02	4.021701620939345870e-03
nan	1.153240000000000009e+03	1.153240000000000043e+00	nan	3.273805096044384022e-02	9.153335673641660453e-02	3.997087571162190323e-03
nan	1.117200000000000045e+03	1.117199999999999971e+00	nan	3.323801714820660835e-02	8.804477270243007969e-02	3.885345277377823085e-03
nan	1.033279999999999973e+03	1.033279999999999976e+00	nan	3.317748678349630859e-02	8.998938510063056451e-02	3.850333062635336208e-03
nan	9.625600000000000591e+02	9.625600000000000822e-01	nan	3.297773902808330548e-02	8.155492796912407194e-02	4.044483876175206799e-03
nan	8.934399999999999409e+02	8.934400000000000119e-01	nan	3.419915318622429590e-02	8.682385309029086451e-02	4.020700948698454312e-03
nan	8.175199999999999818e+02	8.175200000000000244e-01	nan	3.475843343195492846e-02	8.103650688449516581e-02	4.023360408352481300e-03
nan	7.297200000000000273e+02	7.297199999999999243e-01	nan	3.508386535972249365e-02	8.584320061710368210e-02	3.868106540918283317e-03
nan	6.665199999999999818e+02	6.665200000000000014e-01	nan	3.554479782138401239e-02	8.831070615809204216e-02	4.193579265929869501e-03
nan	6.136399999999999864e+02	6.136399999999999633e-01	nan	3.542176951669375601e-02	9.070645901905247110e-02	4.135969433598987201e-03
nan	5.407599999999999909e+02	5.407600000000000184e-01	nan	3.515508566240782562e-02	8.649834316275800683e-02	4.293186074378283965e-03
nan	4.796800000000000068e+02	4.796799999999999398e-01	nan	3.618041345501524231e-02	8.801677600954999070e-02	3.910437544000231261e-03
nan	4.180399999999999636e+02	4.180400000000000782e-01	nan	3.677392981046295750e-02	8.843966715410221668e-02	3.869749960542492352e-03
nan	3.622800000000000296e+02	3.622800000000000464e-01	nan	3.444302978501696116e-02	8.489722385991885223e-02	3.702541776728694115e-03
nan	3.103600000000000136e+02	3.103599999999999137e-01	nan	3.144390489920396992e-02	8.251758006736917284e-02	3.978920740990687585e-03
nan	2.656399999999999864e+02	2.656399999999999872e-01	nan	3.224110116996598691e-02	8.762037533691137414e-02	3.909567535617881721e-03
nan	2.206800000000000068e+02	2.206799999999999873e-01	nan	3.588792310187045864e-02	8.195343551533132431e-02	4.045399684077110800e-03
nan	1.881999999999999886e+02	1.882000000000000062e-01	nan	3.859509514991828205e-02	8.774552405059164728e-02	4.033784784080083306e-03
nan	1.647199999999999989e+02	1.647200000000000331e-01	nan	3.581350629133225882e-02	8.236049050025659457e-02	4.335875069630646186e-03
nan	1.366400000000000148e+02	1.366400000000000114e-01	nan	3.188275628286419555e-02	7.723923197864324131e-02	3.929981779124389930e-03
nan	1.153200000000000074e+02	1.153200000000000058e-01	nan	3.668350557658300176e-02	8.663395073298453541e-02	3.791356416445949840e-03
nan	1.019600000000000080e+02	1.019600000000000090e-01	nan	3.886522733999413226e-02	8.854845314028467196e-02	3.872279568133478369e-03
nan	8.512000000000000455e+01	8.512000000000000122e-02	nan	3.674066631216305751e-02	7.736027002320003398e-02	3.503360470935845510e-03
nan	7.535999999999999943e+01	7.535999999999999643e-02	nan	3.199420594662683720e-02	6.626460412611484552e-02	3.803334617705474239e-03
nan	6.632000000000000739e+01	6.632000000000000395e-02	nan	3.883543209293975618e-02	8.236185477791219123e-02	3.943429788420190277e-03
nan	6.067999999999999261e+01	6.067999999999999783e-02	nan	3.569691716175334151e-02	6.293291342555222545e-02	3.110323125781846217e-03
nan	5.507999999999999829e+01	5.508000000000000396e-02	nan	4.088348850810120949e-02	7.979910280635836572e-02	3.754192897457571312e-03
nan	4.788000000000000256e+01	4.787999999999999895e-02	nan	3.671875994659216935e-02	7.873278749492644557e-02	3.459663752862738272e-03
nan	4.335999999999999943e+01	4.336000000000000271e-02	nan	3.882565081776646887e-02	8.191938022931363750e-02	3.494752566738412551e-03
nan	3.816000000000000369e+01	3.815999999999999948e-02	nan	3.477983582253159345e-02	7.571148910951530642e-02	3.816294095905022228e-03
nan	3.739999999999999858e+01	3.740000000000000269e-02	nan	2.718839964499807429e-02	7.923647418828212718e-02	4.450021445424070209e-03
nan	3.616000000000000369e+01	3.616000000000000464e-02	nan	3.584450279743350842e-02	5.867664842639917083e-02	4.109192393736691915e-03
nan	3.060000000000000142e+01	3.059999999999999873e-02	nan	3.834605150763650133e-02	6.581113520386543125e-02	4.044414837963970430e-03
nan	3.000000000000000000e+01	2.999999999999999889e-02	nan	3.802787397509405087e-02	8.348580376819324245e-02	3.982501883489674918e-03
nan	2.739999999999999858e+01	2.740000000000000074e-02	nan	3.656652132242885905e-02	8.168084288881001520e-02	3.363707718324704474e-03
nan	2.843999999999999773e+01	2.844000000000000347e-02	nan	3.105467680049286971e-02	7.127077559519678918e-02	4.427554855105953271e-03
nan	2.591999999999999815e+01	2.591999999999999860e-02	nan	3.837881533521884936e-02	7.660789768383044485e-02	3.791752426011498443e-03
nan	2.400000000000000000e+01	2.400000000000000050e-02	nan	3.800467183759224238e-02	5.429731917734866714e-02	4.108882248755137481e-03
nan	2.296000000000000085e+01	2.296000000000000124e-02	nan	3.323201310661261232e-02	6.553369645968865065e-02	3.461384481885261370e-03
nan	2.139999999999999858e+01	2.140000000000000235e-02	nan	3.628431880341850130e-02	5.978567829851753196e-02	4.089998724760519899e-03
nan	2.283999999999999986e+01	2.283999999999999919e-02	nan	2.803092614062393378e-02	7.251133962272524047e-02	4.038355573016048222e-03
nan	2.011999999999999744e+01	2.011999999999999900e-02	nan	3.480094361524026236e-02	9.163855318028908681e-02	3.728866067691185508e-03
nan	1.983999999999999986e+01	1.984000000000000000e-02	nan	3.656428022535705702e-02	7.783779417277975066e-02	3.609563100160540546e-03
nan	0.000000000000000000e+00	0.000000000000000000e+00	0.000000000000000000e+00	0.000000000000000000e+00	0.000000000000000000e+00	0.000000000000000000e+00
nan	0.000000000000000000e+00	0.000000000000000000e+00	0.000000000000000000e+00	0.000000000000000000e+00	0.000000000000000000e+00	0.000000000000000000e+00
nan	0.000000000000000000e+00	0.000000000000000000e+00	0.000000000000000000e+00	0.000000000000000000e+00	0.000000000000000000e+00	0.000000000000000000e+00
nan	0.000000000000000000e+00	0.000000000000000000e+00	0.000000000000000000e+00	0.000000000000000000e+00	0.000000000000000000e+00	0.000000000000000000e+00
nan	0.000000000000000000e+00	0.000000000000000000e+00	0.000000000000000000e+00	0.000000000000000000e+00	0.000000000000000000e+00	0.000000000000000000e+00
nan	0.000000000000000000e+00	0.000000000000000000e+00	0.000000000000000000e+00	0.000000000000000000e+00	0.000000000000000000e+00	0.000000000000000000e+00
nan	0.000000000000000000e+00	0.000000000000000000e+00	0.000000000000000000e+00	0.000000000000000000e+00	0.000000000000000000e+00	0.000000000000000000e+00
nan	0.000000000000000000e+00	0.000000000000000000e+00	0.000000000000000000e+00	0.000000000000000000e+00	0.000000000000000000e+00	0.000000000000000000e+00
nan	0.000000000000000000e+00	0.000000000000000000e+00	0.000000000000000000e+00	0.000000000000000000e+00	0.000000000000000000e+00	0.000000000000000000e+00
nan	0.000000000000000000e+00	0.000000000000000000e+00	0.000000000000000000e+00	0.000000000000000000e+00	0.000000000000000000e+00	0.000000000000000000e+00
nan	7.247999999999998977e+01	7.248000000000000276e-02	nan	1.130465067243676368e-02	7.450311450429607241e-02	4.628301386376634276e-03
nan	1.125999999999999943e+02	1.125999999999999918e-01	nan	1.061169369361778143e-02	7.948459216674272354e-02	4.695005080138371992e-03
nan	1.690799999999999841e+02	1.690799999999999803e-01	nan	1.198555059529667240e-02	8.298511522498920601e-02	4.296013579228130305e-03
nan	2.370400000000000205e+02	2.370400000000000007e-01	nan	1.035914297565966591e-02	8.537607177370273859e-02	4.273816953580791313e-03
nan	3.170800000000000409e+02	3.170799999999999730e-01	nan	1.274631410540053023e-02	8.287292081843933289e-02	4.120364650938413038e-03
nan	4.039199999999999591e+02	4.039199999999999458e-01	nan	1.333235773027979451e-02	8.965922638658560540e-02	4.048238567246045284e-03
nan	4.774800000000000182e+02	4.774800000000000710e-01	nan	1.424457350191971582e-02	8.475020090636155301e-02	4.235702084412409398e-03
nan	5.358399999999999181e+02	5.358399999999999830e-01	nan	1.457767273959575428e-02	8.719562872514004248e-02	4.159224082473969054e-03
nan	6.024800000000000182e+02	6.024800000000001265e-01	nan	1.452478507697719558e-02	8.357746029117096853e-02	4.267097655797798088e-03
nan	6.573600000000000136e+02	6.573600000000000554e-01	nan	1.538621540745339043e-02	9.017955802640127694e-02	4.061483770558495764e-03
nan	7.233199999999999363e+02	7.233199999999999630e-01	nan	1.574665513316858903e-02	9.012264822164604838e-02	4.163537022757068939e-03
nan	7.858799999999999955e+02	7.858799999999999120e-01	nan	1.617711152422827980e-02	8.881353358521112962e-02	4.004709800691870838e-03
nan	8.236799999999999500e+02	8.236800000000000788e-01	nan	1.662718844260098125e-02	9.125123893412624698e-02	3.721152366292592752e-03
nan	8.840000000000000000e+02	8.840000000000000080e-01	nan	1.617673059570961386e-02	9.649460773316038964e-02	3.881426722146628407e-03
nan	9.408799999999998818e+02	9.408800000000001607e-01	nan	1.720007311721303764e-02	8.689850582762424780e-02	3.896659511782978209e-03
nan	1.006399999999999977e+03	1.006399999999999961e+00	nan	1.779081358495432016e-02	9.322916418025663232e-02	3.821772165279835147e-03
nan	1.060039999999999964e+03	1.060040000000000093e+00	nan	1.810681222578409619e-02	8.400730520011204239e-02	3.733364665159424368e-03
nan	1.122759999999999991e+03	1.122759999999999980e+00	nan	1.861530550446502744e-02	8.757965149488568246e-02	3.545681808799905268e-03
nan	1.175039999999999964e+03	1.175039999999999862e+00	nan	1.891604594345551449e-02	8.739948449791178076e-02	3.780779100273416911e-03
nan	1.231879999999999882e+03	1.231879999999999864e+00	nan	1.917893056373373012e-02	9.041493305603667818e-02	3.650041225794904611e-03
nan	1.282839999999999918e+03	1.282840000000000202e+00	nan	1.976988372307857816e-02	9.047482235650303184e-02	3.664421079146969098e-03
nan	1.317879999999999882e+03	1.317880000000000162e+00	nan	2.008642957637903417e-02	8.876100193451709475e-02	3.483014363282839563e-03
nan	1.370720000000000027e+03	1.370719999999999716e+00	nan	2.003001534733130085e-02	8.780703777849667435e-02	3.517302082639561789e-03
nan	1.411960000000000036e+03	1.411960000000000104e+00	nan	2.083902636033031081e-02	8.755153360752547520e-02	3.428574689291301325e-03
nan	1.466360000000000127e+03	1.466359999999999886e+00	nan	2.141476352355652785e-02	8.780795770938437661e-02	3.472584649935597009e-03
nan	1.476200000000000045e+03	1.476199999999999957e+00	nan	2.136887285504315143e-02	9.319903435907912759e-02	3.456569180578812801e-03
nan	1.474000000000000000e+03	1.473999999999999977e+00	nan	2.209481416729943207e-02	8.719132924509309657e-02	3.483740494806208954e-03
nan	1.480519999999999982e+03	1.480519999999999836e+00	nan	2.218140693670136304e-02	9.072232269121649484e-02	3.213669808795036748e-03
nan	1.468639999999999873e+03	1.468639999999999723e+00	nan	2.301877648327035897e-02	8.744874947911510099e-02	3.283683905458971604e-03
nan	1.472799999999999955e+03	1.472799999999999887e+00	nan	2.332749591502079195e-02	8.766416069346574802e-02	3.239718243850546464e-03
nan	1.449759999999999991e+03	1.449759999999999938e+00	nan	2.346423656891033840e-02	8.645788279347581262e-02	3.142972046200274462e-03
nan	1.436079999999999927e+03	1.436080000000000023e+00	nan	2.368803009203702264e-02	8.593354581069426179e-02	3.241961175287429338e-03
nan	1.393639999999999873e+03	1.393639999999999990e+00	nan	2.421637509225661039e-02	9.233816602742228596e-02	3.274466485413984797e-03
nan	1.385240000000000009e+03	1.385240000000000027e+00	nan	2.498375158540682220e-02	9.344005570889660217e-02	3.175709794179315711e-03
nan	1.333839999999999918e+03	1.333839999999999915e+00	nan	2.538449431195545156e-02	9.193724907795645940e-02	3.138291977443578851e-03
nan	1.298759999999999991e+03	1.298760000000000137e+00	nan	2.551550328272583074e-02	9.040250654674117370e-02	3.182023169101473679e-03
nan	1.247799999999999955e+03	1.247800000000000020e+00	nan	2.570961567793347141e-02	8.692358831935592667e-02	3.056495379584944858e-03
nan	1.184079999999999927e+03	1.184080000000000021e+00	nan	2.645614277342701534e-02	8.906499812721919984e-02	3.095219158432733694e-03
nan	1.151759999999999991e+03	1.151760000000000117e+00	nan	2.620700315284921200e-02	8.865412884590020970e-02	3.052021432730178761e-03
nan	1.094240000000000009e+03	1.094240000000000101e+00	nan	2.726921821129622142e-02	8.705413326313886369e-02	3.127632604919217130e-03
nan	1.047400000000000091e+03	1.047400000000000109e+00	nan	2.734311135382540628e-02	9.089766747787772494e-02	3.055830490168851520e-03
nan	1.019120000000000118e+03	1.019120000000000026e+00	nan	2.738153355320946392e-02	8.930076858996635614e-02	3.005428351147685674e-03
nan	9.891600000000000819e+02	9.891600000000000392e-01	nan	2.817863109963695753e-02	8.473305019421019380e-02	3.071395087555224123e-03
nan	9.812400000000000091e+02	9.812400000000000011e-01	nan	2.829062443262614357e-02	8.683078657653511834e-02	2.978141863912462523e-03
nan	9.577599999999999909e+02	9.577600000000000557e-01	nan	2.848515560616078982e-02	8.452827983745989093e-02	3.006080339718906168e-03
nan	9.553600000000000136e+02	9.553599999999999870e-01	nan	2.969457276807247609e-02	9.032559056165663514e-02	3.073796222828164507e-03
nan	9.576399999999999864e+02	9.576399999999999357e-01	nan	3.007306057382834116e-02	9.279720041041342182e-02	2.898755567790054812e-03
nan	9.520000000000000000e+02	9.519999999999999574e-01	nan	2.832460940287319026e-02	8.634900671719354659e-02	2.993718884948997142e-03
nan	9.544799999999999045e+02	9.544799999999998841e-01	nan	3.035385756314667310e-02	9.278088100257766979e-02	3.063913772287775970e-03
nan	9.402000000000000455e+02	9.402000000000001467e-01	nan	3.091088038889552164e-02	9.040859201258266697e-02	2.950960867900249800e-03
nan	9.342799999999999727e+02	9.342799999999999994e-01	nan	3.100507118078326199e-02	9.024969960007114822e-02	2.997608812931993553e-03
nan	9.190399999999999636e+02	9.190400000000000791e-01	nan	3.178793920998600198e-02	8.916367881432642195e-02	2.945317365596764915e-03
nan	9.010000000000000000e+02	9.010000000000001341e-01	nan	3.190000858328517069e-02	8.936680374655402159e-02	3.020206601384742891e-03
nan	8.582000000000000455e+02	8.581999999999998519e-01	nan	3.240847297348977557e-02	8.804114870129510495e-02	3.020516397863559806e-03
nan	8.148399999999999181e+02	8.148399999999998977e-01	nan	3.262660614403785353e-02	8.410140838493207482e-02	2.872326762627857265e-03
nan	7.700800000000000409e+02	7.700799999999998757e-01	nan	3.348697703280435756e-02	9.045877264190507749e-02	3.014177074775439141e-03
nan	7.092000000000000455e+02	7.092000000000000526e-01	nan	3.410344146619195133e-02	9.347483089799979439e-02	3.101766986441845033e-03
nan	6.587599999999999909e+02	6.587600000000000122e-01	nan	3.420368207020373780e-02	8.703078189475929594e-02	2.876322991630786332e-03
nan	6.102000000000000455e+02	6.101999999999999647e-01	nan	3.228205553944918371e-02	8.361230652746869108e-02	3.000302322421149071e-03
nan	5.437999999999999545e+02	5.438000000000000611e-01	nan	3.447398134615810295e-02	8.331133168317514381e-02	3.168136700062937957e-03
nan	4.983600000000000136e+02	4.983600000000000252e-01	nan	3.558750890195255812e-02	8.641405753221162445e-02	3.097121240901614617e-03
nan	4.540399999999999636e+02	4.540399999999999991e-01	nan	3.525293842690303131e-02	8.780429399926266421e-02	3.004119120530219893e-03
nan	4.036399999999999864e+02	4.036399999999999433e-01	nan	3.593386751655656963e-02	9.032698629521902778e-02	3.065448719149301872e-03
nan	3.535600000000000023e+02	3.535599999999999854e-01	nan	3.586232818726557692e-02	8.889738427140307653e-02	3.168056080088917092e-03
nan	3.130400000000000205e+02	3.130400000000000404e-01	nan	3.647477012356376003e-02	8.187613525872386444e-02	2.883137994363167353e-03
nan	2.609199999999999591e+02	2.609199999999999853e-01	nan	3.605357881674649267e-02	8.630595055756913603e-02	2.995293213469239248e-03
nan	2.270000000000000000e+02	2.270000000000000351e-01	nan	3.527024508406384484e-02	8.872805078919918098e-02	2.945673096758198890e-03
nan	1.956800000000000068e+02	1.956800000000000206e-01	nan	3.696777564852595649e-02	8.315038295197077489e-02	3.211838592846660932e-03
nan	1.625200000000000102e+02	1.625200000000000256e-01	nan	3.699773092394025020e-02	8.850987108246254065e-02	2.610056065989851959e-03
nan	1.433599999999999852e+02	1.433599999999999874e-01	nan	3.793112018862302565e-02	8.952130898802232450e-02	2.743745545718638806e-03
nan	1.197599999999999909e+02	1.197600000000000053e-01	nan	3.633279662968903062e-02	7.754304626547300905e-02	2.657873783580626433e-03
nan	9.856000000000000227e+01	9.856000000000000871e-02	nan	3.508456149871335555e-02	8.043162127488272251e-02	2.991798464809889736e-03
nan	8.735999999999999943e+01	8.736000000000000709e-02	nan	3.687842168417887478e-02	8.388756606029550145e-02	3.043534181828277778e-03
nan	7.012000000000000455e+01	7.012000000000000177e-02	nan	3.569093461283910640e-02	9.097632940746869235e-02	3.066256953746275809e-03
nan	6.396000000000000085e+01	6.396000000000000296e-02	nan	3.852592254034902658e-02	7.759220858122808928e-02	2.791150314264143843e-03
nan	5.232000000000000739e+01	5.231999999999999845e-02	nan	3.712071571138153558e-02	7.762359740827826093e-02	3.187763001835151096e-03
nan	4.951999999999999602e+01	4.951999999999999458e-02	nan	3.657396231992606633e-02	8.923444771922731111e-02	2.742040846269020414e-03
nan	4.607999999999999829e+01	4.607999999999999596e-02	nan	3.703272590847063450e-02	7.639745423373286992e-02	2.667639529381489027e-03
nan	3.992000000000000171e+01	3.991999999999999715e-02	nan	3.977849062776158545e-02	5.136218306109480158e-02	2.433323380717737974e-03
nan	3.603999999999999915e+01	3.604000000000000259e-02	nan	3.611517504111361881e-02	6.142248425697520442e-02	2.781615726174351422e-03
nan	3.316000000000000369e+01	3.316000000000000197e-02	nan	3.044883077042160810e-02	7.322769179740185042e-02	2.630135352202600443e-03
nan	3.132000000000000028e+01	3.132000000000000062e-02	nan	3.937126863098001223e-02	9.760789293242540243e-02	2.874740511817108855e-03
nan	3.003999999999999915e+01	3.004000000000000073e-02	nan	4.116446772272411292e-02	8.965349345654193003e-02	3.157174597064553619e-03
nan	2.680000000000000071e+01	2.680000000000000090e-02	nan	2.544273054766676978e-02	7.631266514229625986e-02	2.789795393673131282e-03
nan	2.428000000000000114e+01	2.427999999999999950e-02	nan	3.522666179649831808e-02	6.148549595278771790e-02	2.938220145476151159e-03
nan	2.260000000000000142e+01	2.259999999999999856e-02	nan	3.948202679738387066e-02	8.203867292797331623e-02	2.772197076268767459e-03
nan	2.039999999999999858e+01	2.040000000000000147e-02	nan	3.322539588733047083e-02	9.270041049140440026e-02	3.077098002364139166e-03
nan	1.891999999999999815e+01	1.891999999999999932e-02	nan	3.208544073987965733e-02	9.177143505843457505e-02	3.347683998649468411e-03
nan	1.939999999999999858e+01	1.940000000000000058e-02	nan	2.220918945124580879e-02	9.233794494214805915e-02	3.115852552796145349e-03
nan	1.988000000000000256e+01	1.988000000000000184e-02	nan	3.471919710982717538e-02	8.773804337275414866e-02	3.143523658653681139e-03
nan	1.783999999999999986e+01	1.784000000000000169e-02	nan	3.509421840678032117e-02	9.545644255035426462e-02	3.446983133995461246e-03
nan	1.783999999999999986e+01	1.784000000000000169e-02	nan	3.472890009698465646e-02	8.486838990209133460e-02	3.289026847384721869e-03
nan	1.771999999999999886e+01	1.771999999999999617e-02	nan	3.279695252355911694e-02	1.044380650892755280e-01	3.301736459400393155e-03
nan	1.639999999999999858e+01	1.640000000000000138e-02	nan	3.304722859561480541e-02	1.028848364524456438e-01	3.109456047210597870e-03
nan	1.555999999999999872e+01	1.556000000000000091e-02	nan	3.305394180447564223e-02	9.833224407181555271e-02	3.466534985073556428e-03
