# SourcePhotonFlux	NumberRaysSurvived	PercentageRaysSurvived	PhotonFlux	Bandwidth	HorizontalFocusFWHM	VerticalFocusFWHM
nan	0.000000000000000000e+00	0.000000000000000000e+00	0.000000000000000000e+00	0.000000000000000000e+00	0.000000000000000000e+00	0.000000000000000000e+00
nan	0.000000000000000000e+00	0.000000000000000000e+00	0.000000000000000000e+00	0.000000000000000000e+00	0.000000000000000000e+00	0.000000000000000000e+00
nan	0.000000000000000000e+00	0.000000000000000000e+00	0.000000000000000000e+00	0.000000000000000000e+00	0.000000000000000000e+00	0.000000000000000000e+00
nan	0.000000000000000000e+00	0.000000000000000000e+00	0.000000000000000000e+00	0.000000000000000000e+00	0.000000000000000000e+00	0.000000000000000000e+00
nan	0.000000000000000000e+00	0.000000000000000000e+00	0.000000000000000000e+00	0.000000000000000000e+00	0.000000000000000000e+00	0.000000000000000000e+00
nan	0.000000000000000000e+00	0.000000000000000000e+00	0.000000000000000000e+00	0.000000000000000000e+00	0.000000000000000000e+00	0.000000000000000000e+00
nan	0.000000000000000000e+00	0.000000000000000000e+00	0.000000000000000000e+00	0.000000000000000000e+00	0.000000000000000000e+00	0.000000000000000000e+00
nan	0.000000000000000000e+00	0.000000000000000000e+00	0.000000000000000000e+00	0.000000000000000000e+00	0.000000000000000000e+00	0.000000000000000000e+00
nan	nan	nan	nan	nan	nan	nan
nan	9.000000000000000000e+00	9.000000000000001055e-03	nan	3.050955748819140709e-02	3.600296901383338022e-01	1.625704372965200428e-02
nan	1.960000000000000142e+01	1.959999999999999937e-02	nan	3.944812623967156734e-02	4.286047540862997773e-01	1.819640986115429390e-02
nan	4.339999999999999858e+01	4.340000000000000802e-02	nan	4.195928681401129429e-02	4.938862474611673825e-01	1.925777472443604421e-02
nan	9.879999999999999716e+01	9.879999999999999893e-02	nan	4.705530130126522881e-02	4.898631488016048641e-01	1.983476408327123144e-02
nan	1.950000000000000000e+02	1.950000000000000067e-01	nan	5.269516228127228002e-02	4.335368731024836220e-01	1.817568071469679442e-02
nan	3.363999999999999773e+02	3.363999999999999768e-01	nan	6.284901934679680557e-02	4.163288318062395854e-01	1.999396623365932296e-02
nan	5.060000000000000000e+02	5.060000000000000053e-01	nan	6.462248674379225677e-02	3.615548933853082181e-01	2.102232065559643884e-02
nan	7.362000000000000455e+02	7.361999999999999655e-01	nan	6.895645490789661936e-02	4.078521217203485705e-01	2.123040491241514477e-02
nan	8.957999999999999545e+02	8.958000000000000407e-01	nan	6.757364092580928072e-02	4.224631689894093323e-01	1.976579794268360640e-02
nan	1.091799999999999955e+03	1.091799999999999882e+00	nan	7.161572880508515482e-02	3.641502012530376531e-01	2.071576917105808630e-02
nan	1.279200000000000045e+03	1.279200000000000115e+00	nan	7.537956918081079039e-02	4.291580596171174489e-01	2.043673800967003157e-02
nan	1.593000000000000000e+03	1.592999999999999972e+00	nan	7.488394055887397094e-02	4.423731679445626064e-01	1.972711646853948439e-02
nan	1.788599999999999909e+03	1.788599999999999968e+00	nan	8.046826302611123638e-02	4.486213225888063816e-01	1.965674903368537160e-02
nan	1.921599999999999909e+03	1.921600000000000197e+00	nan	8.150074816682320589e-02	4.573148945790392328e-01	1.861528210932119481e-02
nan	2.165000000000000000e+03	2.165000000000000036e+00	nan	8.494960861524702977e-02	4.677876898284340501e-01	1.832585960248405213e-02
nan	2.448800000000000182e+03	2.448799999999999866e+00	nan	8.582733628344954568e-02	4.401559706983683151e-01	1.839907796964261946e-02
nan	2.668000000000000000e+03	2.668000000000000149e+00	nan	8.910818522964802924e-02	4.550676091400102652e-01	1.887950671277591891e-02
nan	2.803199999999999818e+03	2.803199999999999914e+00	nan	9.021477785064746513e-02	4.438409232466746235e-01	1.772249481912937380e-02
nan	2.993199999999999818e+03	2.993199999999999861e+00	nan	9.223072420546714334e-02	4.295231270874911855e-01	1.782734253785291795e-02
nan	3.202000000000000000e+03	3.202000000000000401e+00	nan	9.339332994610458072e-02	4.350641291756368600e-01	1.782601340533289738e-02
nan	3.442800000000000182e+03	3.442800000000000527e+00	nan	9.658534536479237986e-02	4.219104953094821586e-01	1.740572455928911591e-02
nan	3.516199999999999818e+03	3.516199999999999992e+00	nan	9.808870024406815546e-02	4.168431950988016332e-01	1.735731005522521062e-02
nan	3.664599999999999909e+03	3.664600000000000080e+00	nan	1.004917048361335247e-01	4.081994562663700532e-01	1.692902511724033582e-02
nan	3.807000000000000000e+03	3.806999999999999940e+00	nan	1.022913900362283357e-01	4.442358766287231586e-01	1.677692268025763461e-02
nan	3.904000000000000000e+03	3.903999999999999915e+00	nan	9.291497497128772820e-02	4.342130152107375740e-01	1.657501671261911794e-02
nan	3.987400000000000091e+03	3.987399999999999611e+00	nan	1.047679515939790862e-01	4.259741140437249274e-01	1.728341316975310488e-02
nan	4.051800000000000182e+03	4.051799999999999180e+00	nan	1.076507793223612508e-01	4.572197145516464500e-01	1.580111448238019634e-02
nan	4.075199999999999818e+03	4.075199999999999712e+00	nan	1.100135324292892819e-01	4.453772228334256233e-01	1.589238185306962592e-02
nan	4.134199999999999818e+03	4.134199999999999875e+00	nan	1.108575816964361138e-01	4.482473468404754025e-01	1.643956251538645358e-02
nan	4.084199999999999818e+03	4.084200000000000941e+00	nan	1.131081221398062553e-01	4.188297021338968085e-01	1.545773477255867404e-02
nan	4.085800000000000182e+03	4.085799999999999876e+00	nan	1.165859994601106536e-01	4.376375293138352052e-01	1.540019808112136346e-02
nan	4.009400000000000091e+03	4.009400000000000297e+00	nan	1.187617986174501483e-01	4.620094542101291779e-01	1.608008187994842617e-02
nan	3.957000000000000000e+03	3.956999999999999851e+00	nan	1.127744979809563175e-01	4.395074383652731731e-01	1.644553777194674923e-02
nan	3.918400000000000091e+03	3.918400000000000549e+00	nan	1.189138728095031211e-01	4.481728240107721861e-01	1.510153550248496436e-02
nan	3.855800000000000182e+03	3.855799999999999894e+00	nan	1.222174528657660603e-01	4.525215196883956570e-01	1.534319947715516788e-02
nan	3.773400000000000091e+03	3.773400000000000087e+00	nan	1.268264696838343752e-01	4.420881814049195668e-01	1.587093411406197488e-02
nan	3.595800000000000182e+03	3.595799999999999663e+00	nan	1.284614470842598277e-01	4.448591508891757695e-01	1.554575014277741543e-02
nan	3.505800000000000182e+03	3.505799999999999805e+00	nan	1.300302776651221792e-01	4.565101926997551796e-01	1.581972009834338097e-02
nan	3.371199999999999818e+03	3.371199999999999530e+00	nan	1.311934137909020193e-01	4.897143209939554542e-01	1.584030983133040069e-02
nan	3.236400000000000091e+03	3.236399999999999721e+00	nan	1.334969107435085844e-01	4.506161723208574332e-01	1.483682954609335559e-02
nan	3.123000000000000000e+03	3.123000000000000220e+00	nan	1.357311233523716965e-01	4.252325057465043967e-01	1.421670759609927615e-02
nan	3.026800000000000182e+03	3.026800000000000157e+00	nan	1.371010185862928665e-01	4.303460847963758162e-01	1.535329887782239597e-02
nan	2.919199999999999818e+03	2.919200000000000017e+00	nan	1.392280341279274469e-01	4.459580888353326111e-01	1.396681591951232093e-02
nan	2.904400000000000091e+03	2.904399999999999871e+00	nan	1.378507616428635285e-01	4.323064980045053796e-01	1.446030444697416970e-02
nan	2.809800000000000182e+03	2.809800000000000075e+00	nan	1.426544608673509518e-01	4.364572124948617460e-01	1.587924431278597837e-02
nan	2.768800000000000182e+03	2.768799999999999706e+00	nan	1.439333891627825324e-01	4.504997547485227183e-01	1.453393312720603278e-02
nan	2.770000000000000000e+03	2.770000000000000018e+00	nan	1.455413474034060184e-01	4.246150840607818000e-01	1.457378178761370435e-02
nan	2.721599999999999909e+03	2.721600000000000019e+00	nan	1.485969496062637119e-01	4.149051946235335353e-01	1.416508472722117704e-02
nan	2.711800000000000182e+03	2.711800000000000210e+00	nan	1.499575080922738723e-01	4.546067785881572898e-01	1.411375237479237620e-02
nan	2.698599999999999909e+03	2.698599999999999888e+00	nan	1.436884849661737573e-01	4.387736113219817824e-01	1.520352237250985859e-02
nan	2.717599999999999909e+03	2.717600000000000016e+00	nan	1.550212076530783634e-01	4.634158661888518327e-01	1.586084692855447426e-02
nan	0.000000000000000000e+00	0.000000000000000000e+00	0.000000000000000000e+00	0.000000000000000000e+00	0.000000000000000000e+00	0.000000000000000000e+00
nan	0.000000000000000000e+00	0.000000000000000000e+00	0.000000000000000000e+00	0.000000000000000000e+00	0.000000000000000000e+00	0.000000000000000000e+00
nan	0.000000000000000000e+00	0.000000000000000000e+00	0.000000000000000000e+00	0.000000000000000000e+00	0.000000000000000000e+00	0.000000000000000000e+00
nan	0.000000000000000000e+00	0.000000000000000000e+00	0.000000000000000000e+00	0.000000000000000000e+00	0.000000000000000000e+00	0.000000000000000000e+00
nan	0.000000000000000000e+00	0.000000000000000000e+00	0.000000000000000000e+00	0.000000000000000000e+00	0.000000000000000000e+00	0.000000000000000000e+00
nan	0.000000000000000000e+00	0.000000000000000000e+00	0.000000000000000000e+00	0.000000000000000000e+00	0.000000000000000000e+00	0.000000000000000000e+00
nan	0.000000000000000000e+00	0.000000000000000000e+00	0.000000000000000000e+00	0.000000000000000000e+00	0.000000000000000000e+00	0.000000000000000000e+00
nan	0.000000000000000000e+00	0.000000000000000000e+00	0.000000000000000000e+00	0.000000000000000000e+00	0.000000000000000000e+00	0.000000000000000000e+00
nan	nan	nan	nan	nan	nan	nan
nan	7.000000000000000000e+00	7.000000000000001013e-03	nan	3.591776741630454961e-02	5.381844473621145708e-01	1.869217678149048129e-02
nan	1.980000000000000071e+01	1.980000000000000163e-02	nan	4.021157770777212398e-02	4.997425100875242943e-01	1.916714302170560019e-02
nan	5.000000000000000000e+01	5.000000000000000278e-02	nan	3.973862493885562536e-02	4.739193877387686271e-01	1.876896576426221111e-02
nan	1.035999999999999943e+02	1.035999999999999976e-01	nan	5.336308036061764015e-02	4.956348891221969422e-01	2.196902425751659851e-02
nan	2.110000000000000000e+02	2.109999999999999931e-01	nan	5.606043511729809359e-02	4.062408358432394451e-01	2.117065606120753854e-02
nan	3.500000000000000000e+02	3.499999999999999778e-01	nan	6.375258706570434419e-02	4.000393798756365915e-01	2.171076094650494642e-02
nan	5.386000000000000227e+02	5.385999999999999677e-01	nan	6.569111678205956373e-02	4.367144806923192180e-01	2.054273529944818794e-02
nan	7.456000000000000227e+02	7.456000000000000405e-01	nan	6.348150953950834618e-02	4.423930311157121542e-01	1.995226721482303706e-02
nan	9.247999999999999545e+02	9.247999999999999554e-01	nan	7.258619171616657872e-02	4.297262763349342651e-01	1.953420526681615144e-02
nan	1.178599999999999909e+03	1.178599999999999870e+00	nan	7.293856883447631667e-02	4.000837768424743146e-01	2.051401738188616403e-02
nan	1.397799999999999955e+03	1.397799999999999931e+00	nan	7.500078743327379116e-02	3.847212113593613814e-01	1.842794383503942868e-02
nan	1.680200000000000045e+03	1.680199999999999916e+00	nan	7.754062471199744955e-02	4.412917231065390800e-01	1.923864993500075046e-02
nan	1.863000000000000000e+03	1.863000000000000211e+00	nan	7.992773936133801271e-02	4.230779590942612134e-01	1.898553684649240125e-02
nan	2.062800000000000182e+03	2.062800000000000189e+00	nan	8.117137342611328854e-02	4.624445093558849917e-01	1.924099772073795123e-02
nan	2.324800000000000182e+03	2.324799999999999756e+00	nan	7.430065695219123523e-02	4.475170490718095584e-01	1.846397363949643308e-02
nan	2.536199999999999818e+03	2.536200000000000010e+00	nan	8.190666602891098769e-02	4.185724995736307963e-01	1.839537353201015080e-02
nan	2.844199999999999818e+03	2.844199999999999839e+00	nan	8.878988767586122599e-02	4.438820957227901931e-01	1.898598048919728637e-02
nan	3.037599999999999909e+03	3.037600000000000300e+00	nan	8.912958991332402270e-02	4.306561005375780793e-01	1.845574610562477139e-02
nan	3.170199999999999818e+03	3.170200000000000351e+00	nan	9.213754220068608169e-02	4.362137917566463186e-01	1.805875885850567394e-02
nan	3.383800000000000182e+03	3.383799999999999919e+00	nan	9.397745628569395548e-02	4.377803713756313608e-01	1.772598987006492738e-02
nan	3.639000000000000000e+03	3.639000000000000234e+00	nan	9.737147321125690091e-02	4.341162603859154423e-01	1.762715266544584436e-02
nan	3.685199999999999818e+03	3.685199999999999587e+00	nan	9.849247076074049700e-02	4.446017802285046616e-01	1.797389134643337383e-02
nan	3.882000000000000000e+03	3.882000000000000117e+00	nan	1.003463085382577391e-01	4.252095234006965652e-01	1.740533532981534265e-02
nan	4.044800000000000182e+03	4.044800000000000395e+00	nan	1.019518985028696478e-01	4.460654495512860751e-01	1.760628239986112772e-02
nan	4.092800000000000182e+03	4.092799999999999550e+00	nan	9.978898388426955812e-02	4.244466295739520723e-01	1.733685007595724484e-02
nan	4.252000000000000000e+03	4.252000000000000668e+00	nan	1.069766168724157751e-01	4.386023437637207034e-01	1.644226560323867187e-02
nan	4.300600000000000364e+03	4.300600000000001089e+00	nan	1.091343668962110741e-01	4.368679075772654019e-01	1.630540655056540375e-02
nan	4.267600000000000364e+03	4.267599999999999838e+00	nan	1.099046863258820450e-01	4.377827272661618530e-01	1.642733576610302254e-02
nan	4.332399999999999636e+03	4.332399999999999807e+00	nan	1.130063647901977247e-01	4.127904458077560901e-01	1.566929653410440576e-02
nan	4.287000000000000000e+03	4.286999999999999922e+00	nan	1.148233459273711732e-01	4.549379347072861068e-01	1.625695049219349000e-02
nan	4.216399999999999636e+03	4.216400000000000148e+00	nan	1.162592181522626306e-01	4.589697678008426429e-01	1.626234346570241268e-02
nan	4.240000000000000000e+03	4.240000000000000213e+00	nan	1.178086309213739469e-01	4.024439054807339988e-01	1.586014575854948275e-02
nan	4.135199999999999818e+03	4.135200000000000209e+00	nan	1.182693259343466224e-01	4.390348931330388949e-01	1.602415155020331383e-02
nan	4.085400000000000091e+03	4.085400000000000809e+00	nan	1.222266564307261660e-01	4.478546680585535067e-01	1.640392723162475974e-02
nan	3.967000000000000000e+03	3.967000000000000082e+00	nan	1.232474723901674507e-01	4.421731911642802215e-01	1.572922695607150562e-02
nan	3.843000000000000000e+03	3.842999999999999972e+00	nan	1.262228392144038591e-01	4.174741719826068898e-01	1.467362132454716993e-02
nan	3.745800000000000182e+03	3.745800000000000018e+00	nan	1.279533347267999832e-01	4.413900126313112793e-01	1.625350674834287121e-02
nan	3.613400000000000091e+03	3.613399999999999945e+00	nan	1.302694654567801424e-01	4.297284015434533200e-01	1.541239970865984112e-02
nan	3.483800000000000182e+03	3.483800000000000008e+00	nan	1.318086027766071366e-01	4.257501236689003044e-01	1.492892803385661472e-02
nan	3.327000000000000000e+03	3.327000000000000401e+00	nan	1.340792865635648812e-01	4.371578003505710575e-01	1.502773450165921856e-02
nan	3.160199999999999818e+03	3.160200000000000120e+00	nan	1.369804039041639387e-01	4.474923299669494869e-01	1.543358862913990492e-02
nan	3.052000000000000000e+03	3.052000000000000490e+00	nan	1.359797539041096570e-01	4.307938700273377108e-01	1.559463503553875155e-02
nan	2.963199999999999818e+03	2.963199999999999612e+00	nan	1.380794650345819607e-01	4.514580459119897915e-01	1.508798657663596929e-02
nan	2.942000000000000000e+03	2.942000000000000171e+00	nan	1.423790689489067007e-01	4.710182044584205197e-01	1.478034983313136763e-02
nan	2.909599999999999909e+03	2.909600000000000186e+00	nan	1.405342341139999007e-01	4.449582609117632148e-01	1.446592057672066965e-02
nan	2.814199999999999818e+03	2.814199999999999591e+00	nan	1.441996584351443178e-01	4.417871906630540524e-01	1.451685459212725959e-02
nan	2.801800000000000182e+03	2.801800000000000068e+00	nan	1.446573402802300845e-01	4.669252113410266025e-01	1.548002586976906549e-02
nan	2.755000000000000000e+03	2.754999999999999893e+00	nan	1.492075400000317242e-01	4.433011521178915615e-01	1.541609677233992705e-02
nan	2.761800000000000182e+03	2.761800000000000033e+00	nan	1.509905497235877192e-01	4.221459667534300797e-01	1.555423378692992811e-02
nan	2.772400000000000091e+03	2.772400000000000198e+00	nan	1.495917494010825521e-01	4.494573453616335645e-01	1.458282791456326846e-02
nan	2.749400000000000091e+03	2.749400000000000066e+00	nan	1.544929755605210231e-01	4.349658522118186044e-01	1.440107802237200474e-02
nan	0.000000000000000000e+00	0.000000000000000000e+00	0.000000000000000000e+00	0.000000000000000000e+00	0.000000000000000000e+00	0.000000000000000000e+00
nan	0.000000000000000000e+00	0.000000000000000000e+00	0.000000000000000000e+00	0.000000000000000000e+00	0.000000000000000000e+00	0.000000000000000000e+00
nan	0.000000000000000000e+00	0.000000000000000000e+00	0.000000000000000000e+00	0.000000000000000000e+00	0.000000000000000000e+00	0.000000000000000000e+00
nan	0.000000000000000000e+00	0.000000000000000000e+00	0.000000000000000000e+00	0.000000000000000000e+00	0.000000000000000000e+00	0.000000000000000000e+00
nan	0.000000000000000000e+00	0.000000000000000000e+00	0.000000000000000000e+00	0.000000000000000000e+00	0.000000000000000000e+00	0.000000000000000000e+00
nan	0.000000000000000000e+00	0.000000000000000000e+00	0.000000000000000000e+00	0.000000000000000000e+00	0.000000000000000000e+00	0.000000000000000000e+00
nan	0.000000000000000000e+00	0.000000000000000000e+00	0.000000000000000000e+00	0.000000000000000000e+00	0.000000000000000000e+00	0.000000000000000000e+00
nan	0.000000000000000000e+00	0.000000000000000000e+00	0.000000000000000000e+00	0.000000000000000000e+00	0.000000000000000000e+00	0.000000000000000000e+00
nan	2.000000000000000000e+00	2.000000000000000042e-03	nan	1.673822803253671720e-02	1.977723054435584493e-01	4.583683823216698656e-03
nan	5.799999999999999822e+00	5.800000000000000468e-03	nan	3.112058876981007444e-02	3.408790809011100209e-01	1.612891762719069130e-02
nan	1.980000000000000071e+01	1.980000000000000163e-02	nan	3.936407613183123821e-02	4.693069348481985759e-01	1.855209765872634781e-02
nan	4.920000000000000284e+01	4.920000000000000068e-02	nan	4.166913679824496564e-02	5.325051197523189561e-01	1.865664563607811674e-02
nan	1.120000000000000000e+02	1.119999999999999885e-01	nan	4.545638295142449825e-02	3.532679004230421804e-01	1.532802221695703758e-02
nan	2.124000000000000057e+02	2.124000000000000055e-01	nan	5.137895076989593829e-02	4.098488679907451582e-01	1.985342949932800138e-02
nan	3.760000000000000000e+02	3.760000000000000009e-01	nan	6.397769428840263672e-02	4.267700411760915746e-01	1.921205151945706152e-02
nan	5.610000000000000000e+02	5.610000000000000542e-01	nan	6.567373556606526108e-02	4.491086314495651988e-01	2.001874093761379925e-02
nan	7.917999999999999545e+02	7.918000000000000593e-01	nan	6.685196392951694988e-02	4.332467186124919212e-01	1.946181400520732158e-02
nan	9.870000000000000000e+02	9.870000000000000995e-01	nan	6.607386152363972642e-02	4.164357222342681131e-01	2.003326928796429415e-02
nan	1.233400000000000091e+03	1.233400000000000052e+00	nan	7.229667286845256613e-02	4.418528112295370680e-01	1.858063246929617801e-02
nan	1.446000000000000000e+03	1.446000000000000174e+00	nan	7.610479510120171653e-02	4.413508411359873262e-01	1.888075672592961357e-02
nan	1.744000000000000000e+03	1.744000000000000217e+00	nan	7.819176889065886094e-02	4.266865595648227094e-01	1.880598367516075203e-02
nan	1.979000000000000000e+03	1.978999999999999870e+00	nan	7.934132109359666452e-02	4.259570448440607171e-01	1.854099717614694429e-02
nan	2.180800000000000182e+03	2.180800000000000072e+00	nan	8.072318213301059309e-02	4.275029423450747990e-01	1.904334426944958095e-02
nan	2.440199999999999818e+03	2.440199999999999925e+00	nan	8.424810105331914656e-02	4.149730237138457012e-01	1.866666007551369758e-02
nan	2.667199999999999818e+03	2.667200000000000237e+00	nan	8.477632222327713407e-02	4.238508999197422855e-01	1.938753170749318855e-02
nan	2.956800000000000182e+03	2.956799999999999873e+00	nan	8.896114143622355086e-02	4.328315212632506404e-01	1.846856575547963647e-02
nan	3.156800000000000182e+03	3.156799999999999606e+00	nan	8.975123420392776274e-02	4.317148801460913288e-01	1.897500714247142214e-02
nan	3.403599999999999909e+03	3.403599999999999959e+00	nan	9.189912963656184097e-02	4.523041108163283752e-01	1.820266032346795626e-02
nan	3.640199999999999818e+03	3.640200000000000102e+00	nan	9.473317378720196025e-02	4.321089270848137431e-01	1.804271536958292760e-02
nan	3.847199999999999818e+03	3.847199999999999953e+00	nan	9.687963277389713412e-02	4.645156513963543121e-01	1.793930798580942870e-02
nan	3.966199999999999818e+03	3.966200000000000614e+00	nan	9.901861944478014543e-02	4.236355270375153914e-01	1.678369709233876531e-02
nan	4.043199999999999818e+03	4.043200000000000571e+00	nan	1.002689104496653216e-01	4.450164764384966221e-01	1.689016518199450839e-02
nan	4.172800000000000182e+03	4.172800000000000509e+00	nan	1.021209071989972045e-01	4.222460146214095933e-01	1.655249189371783489e-02
nan	4.365199999999999818e+03	4.365199999999999747e+00	nan	1.041163632380374821e-01	4.251635591449166585e-01	1.760438033207938416e-02
nan	4.442600000000000364e+03	4.442600000000000549e+00	nan	1.060975056393147070e-01	4.750755196582219786e-01	1.749092855207270286e-02
nan	4.477199999999999818e+03	4.477199999999999847e+00	nan	1.083379989399759352e-01	4.270667267529325573e-01	1.721460867785258239e-02
nan	4.520000000000000000e+03	4.519999999999999574e+00	nan	1.105804214113248890e-01	4.534981227195847842e-01	1.673335478589299541e-02
nan	4.512600000000000364e+03	4.512600000000000833e+00	nan	1.119848098229965644e-01	4.614271993310482545e-01	1.634444126999579083e-02
nan	4.490000000000000000e+03	4.490000000000000213e+00	nan	1.110876232673461972e-01	4.476460859020900962e-01	1.704145915128618682e-02
nan	4.402199999999999818e+03	4.402200000000000557e+00	nan	1.152418065995760854e-01	4.465811186785627607e-01	1.619528331666009180e-02
nan	4.399199999999999818e+03	4.399199999999999555e+00	nan	1.186440569414202173e-01	4.345901337575329704e-01	1.480399655293336211e-02
nan	4.281000000000000000e+03	4.280999999999999694e+00	nan	1.204219352654661152e-01	4.399195846869586868e-01	1.650659984636027033e-02
nan	4.270199999999999818e+03	4.270199999999999996e+00	nan	1.223476568775282713e-01	4.547595510823795317e-01	1.589161351306973488e-02
nan	4.077400000000000091e+03	4.077399999999999025e+00	nan	1.249519074014671105e-01	4.616394310066930795e-01	1.586537356946067165e-02
nan	3.940599999999999909e+03	3.940599999999999881e+00	nan	1.254245396115266087e-01	4.301436225798584978e-01	1.621867775793557273e-02
nan	3.870000000000000000e+03	3.870000000000000107e+00	nan	1.257449438029482336e-01	4.138664375538306794e-01	1.565338357459235968e-02
nan	3.759599999999999909e+03	3.759600000000000275e+00	nan	1.300279756013196786e-01	4.518637343915153926e-01	1.534536123039060770e-02
nan	3.597400000000000091e+03	3.597400000000000375e+00	nan	1.324312729985308579e-01	4.443508433450681916e-01	1.625082936433130953e-02
nan	3.429199999999999818e+03	3.429200000000000248e+00	nan	1.330477965819966413e-01	4.297503387724834201e-01	1.580655674012341333e-02
nan	3.277000000000000000e+03	3.277000000000000135e+00	nan	1.361679147044810578e-01	4.518860726877395595e-01	1.514231966706667230e-02
nan	3.192800000000000182e+03	3.192799999999999638e+00	nan	1.363423341793577603e-01	4.437471405011336745e-01	1.471755991270207176e-02
nan	3.030800000000000182e+03	3.030800000000000161e+00	nan	1.374580736596044406e-01	4.329578216341188335e-01	1.506496478983052577e-02
nan	3.012199999999999818e+03	3.012199999999999989e+00	nan	1.403539744931322220e-01	4.497609873446121176e-01	1.541274796135692036e-02
nan	2.910800000000000182e+03	2.910800000000000054e+00	nan	1.445747812519357356e-01	4.663877506118349059e-01	1.459613271375896984e-02
nan	2.863199999999999818e+03	2.863199999999999967e+00	nan	1.451457262772123669e-01	4.648067980420188539e-01	1.427768739583576939e-02
nan	2.859199999999999818e+03	2.859199999999999964e+00	nan	1.460251577926612865e-01	4.465353867130271159e-01	1.495825805508914710e-02
nan	2.813199999999999818e+03	2.813200000000000145e+00	nan	1.281300061282081570e-01	4.447783345973324032e-01	1.535296927277087810e-02
nan	2.836599999999999909e+03	2.836600000000000676e+00	nan	1.467195220574922243e-01	4.389039356214828880e-01	1.597379506915679384e-02
nan	2.818199999999999818e+03	2.818200000000000038e+00	nan	1.417988903138677759e-01	4.586608787176323920e-01	1.441582580749951534e-02
nan	2.771400000000000091e+03	2.771399999999999864e+00	nan	1.555388629624758212e-01	4.355574713505368512e-01	1.468338278495551208e-02
