# SourcePhotonFlux	NumberRaysSurvived	PercentageRaysSurvived	PhotonFlux	Bandwidth	HorizontalFocusFWHM	VerticalFocusFWHM
nan	0.000000000000000000e+00	0.000000000000000000e+00	0.000000000000000000e+00	0.000000000000000000e+00	0.000000000000000000e+00	0.000000000000000000e+00
nan	0.000000000000000000e+00	0.000000000000000000e+00	0.000000000000000000e+00	0.000000000000000000e+00	0.000000000000000000e+00	0.000000000000000000e+00
nan	0.000000000000000000e+00	0.000000000000000000e+00	0.000000000000000000e+00	0.000000000000000000e+00	0.000000000000000000e+00	0.000000000000000000e+00
nan	0.000000000000000000e+00	0.000000000000000000e+00	0.000000000000000000e+00	0.000000000000000000e+00	0.000000000000000000e+00	0.000000000000000000e+00
nan	0.000000000000000000e+00	0.000000000000000000e+00	0.000000000000000000e+00	0.000000000000000000e+00	0.000000000000000000e+00	0.000000000000000000e+00
nan	0.000000000000000000e+00	0.000000000000000000e+00	0.000000000000000000e+00	0.000000000000000000e+00	0.000000000000000000e+00	0.000000000000000000e+00
nan	0.000000000000000000e+00	0.000000000000000000e+00	0.000000000000000000e+00	0.000000000000000000e+00	0.000000000000000000e+00	0.000000000000000000e+00
nan	0.000000000000000000e+00	0.000000000000000000e+00	0.000000000000000000e+00	0.000000000000000000e+00	0.000000000000000000e+00	0.000000000000000000e+00
nan	0.000000000000000000e+00	0.000000000000000000e+00	0.000000000000000000e+00	0.000000000000000000e+00	0.000000000000000000e+00	0.000000000000000000e+00
nan	0.000000000000000000e+00	0.000000000000000000e+00	0.000000000000000000e+00	0.000000000000000000e+00	0.000000000000000000e+00	0.000000000000000000e+00
nan	5.623000000000000000e+03	5.623000000000000220e+00	nan	5.959995130739628028e-02	4.483908280813785341e-01	2.438571615088029956e-02
nan	8.817600000000000364e+03	8.817600000000000549e+00	nan	6.139148717576290576e-02	4.385330454918858756e-01	2.428328995470003734e-02
nan	1.287539999999999964e+04	1.287539999999999907e+01	nan	6.351032993237737401e-02	4.449285321603036469e-01	2.320265070189542200e-02
nan	1.746879999999999927e+04	1.746879999999999811e+01	nan	6.523289413378847990e-02	4.399289679526683372e-01	2.282381713788801322e-02
nan	2.242059999999999854e+04	2.242060000000000031e+01	nan	6.748978912343375769e-02	4.559597556062496837e-01	2.296123466706525423e-02
nan	2.754679999999999927e+04	2.754679999999999751e+01	nan	6.969775163807981344e-02	4.391763204723936331e-01	2.189163025704914459e-02
nan	3.263640000000000146e+04	3.263639999999999475e+01	nan	7.140714191797314925e-02	4.387945700143641714e-01	2.250519924239178376e-02
nan	3.598259999999999854e+04	3.598260000000000502e+01	nan	7.379787175507032670e-02	4.465855554454215559e-01	2.187468710589825921e-02
nan	3.952640000000000146e+04	3.952639999999999532e+01	nan	7.552558736360311109e-02	4.649529793764384245e-01	2.144289686906439979e-02
nan	4.293459999999999854e+04	4.293460000000000321e+01	nan	7.777046898495428018e-02	4.198961570291361300e-01	2.095578180792632278e-02
nan	4.618759999999999854e+04	4.618759999999999621e+01	nan	7.983084546735597087e-02	4.485182653537373443e-01	2.133328233821316783e-02
nan	4.875200000000000000e+04	4.875199999999999534e+01	nan	8.176491904654596687e-02	4.566511783941685776e-01	2.069320060861059435e-02
nan	5.109180000000000291e+04	5.109180000000000632e+01	nan	8.382765889677727678e-02	4.461641654180229510e-01	2.115729658800784632e-02
nan	5.318859999999999854e+04	5.318859999999999388e+01	nan	8.585980402563678227e-02	4.579174989558177922e-01	2.096592064429536606e-02
nan	5.513080000000000291e+04	5.513080000000000069e+01	nan	8.745344667939321248e-02	4.336431175665605986e-01	2.101005470518053572e-02
nan	5.672280000000000291e+04	5.672279999999999234e+01	nan	8.974012119650467967e-02	4.522826474721431955e-01	2.009773745844718393e-02
nan	5.755280000000000291e+04	5.755280000000000484e+01	nan	9.160735997284348564e-02	4.406482704069749623e-01	2.064887472274072946e-02
nan	5.840319999999999709e+04	5.840319999999999112e+01	nan	9.355564138600983015e-02	4.449351269955772459e-01	2.027059092892615627e-02
nan	5.905119999999999709e+04	5.905120000000000857e+01	nan	9.590637192772248631e-02	4.427579930310628353e-01	2.043816757799872194e-02
nan	5.944980000000000291e+04	5.944979999999999620e+01	nan	9.760101446478870735e-02	4.434622686409037118e-01	1.966483012485582479e-02
nan	5.949940000000000146e+04	5.949940000000000140e+01	nan	9.971113206238158000e-02	4.593767182284554940e-01	2.063503352312108172e-02
nan	5.943119999999999709e+04	5.943120000000000402e+01	nan	1.016790327072698147e-01	4.364773032795423724e-01	1.962230355957172989e-02
nan	5.950200000000000000e+04	5.950199999999999534e+01	nan	1.037662692374340112e-01	4.441629571213790983e-01	2.034836189374988891e-02
nan	5.942180000000000291e+04	5.942179999999999751e+01	nan	1.059249706252586576e-01	4.407589836988994314e-01	2.072447470172313760e-02
nan	5.925600000000000000e+04	5.925600000000000733e+01	nan	1.077380079646701461e-01	4.646858386762003912e-01	1.948765866008593875e-02
nan	5.893559999999999854e+04	5.893560000000000088e+01	nan	1.097871712730182081e-01	4.290866463272403064e-01	1.990461524719822767e-02
nan	5.888200000000000000e+04	5.888200000000000500e+01	nan	1.117188845459736457e-01	4.265423755812439710e-01	1.913140255351474320e-02
nan	5.860719999999999709e+04	5.860719999999999885e+01	nan	1.136867636804993198e-01	4.572476262749805009e-01	1.958366836514049275e-02
nan	5.825119999999999709e+04	5.825120000000000431e+01	nan	1.154399317621141591e-01	4.326564870380706362e-01	1.921843563260330207e-02
nan	5.820119999999999709e+04	5.820119999999999294e+01	nan	1.176029516579632228e-01	4.536449328971457473e-01	1.939985445205971715e-02
nan	5.810319999999999709e+04	5.810320000000000107e+01	nan	1.199027840283889701e-01	4.424725574827437780e-01	1.922202542717950033e-02
nan	5.795240000000000146e+04	5.795239999999999725e+01	nan	1.216643615173268189e-01	4.491853581769150727e-01	1.949866113723599387e-02
nan	5.797759999999999854e+04	5.797760000000000957e+01	nan	1.236047907155352760e-01	4.428828405806959911e-01	1.964832531726372691e-02
nan	5.785900000000000000e+04	5.785900000000000176e+01	nan	1.258328376773761303e-01	4.413941604277875075e-01	1.841316572998961260e-02
nan	5.782180000000000291e+04	5.782179999999999609e+01	nan	1.277883905042159485e-01	4.159548033770318898e-01	1.977691495083959763e-02
nan	5.766200000000000000e+04	5.766199999999999193e+01	nan	1.294156793255581417e-01	4.498476210868312952e-01	1.985929612689849716e-02
nan	5.768480000000000291e+04	5.768480000000000985e+01	nan	1.313253046524380241e-01	4.383403348640138586e-01	1.957574061553168931e-02
nan	5.768019999999999709e+04	5.768019999999999925e+01	nan	1.337045784412964622e-01	4.295795373630082459e-01	2.004981102916234686e-02
nan	5.773340000000000146e+04	5.773339999999999606e+01	nan	1.356950355950232168e-01	4.316669155729558338e-01	1.984604246558046084e-02
nan	5.772919999999999709e+04	5.772919999999999163e+01	nan	1.376484865106249456e-01	4.414433674696052745e-01	1.992124117618194676e-02
nan	5.776459999999999854e+04	5.776459999999999440e+01	nan	1.395904351346359817e-01	4.553294630747483640e-01	2.028510823151741249e-02
nan	5.771359999999999854e+04	5.771359999999999957e+01	nan	1.415489788682577910e-01	4.336111111706770771e-01	1.954398074263163920e-02
nan	5.778100000000000000e+04	5.778100000000000591e+01	nan	1.437278342532181397e-01	4.368753854847121643e-01	1.956345311732476944e-02
nan	5.757800000000000000e+04	5.757799999999999585e+01	nan	1.451079906045492918e-01	4.275026876819377764e-01	1.976586850570392212e-02
nan	5.760640000000000146e+04	5.760639999999999361e+01	nan	1.470966048438015206e-01	4.373151723834286519e-01	2.027495832732686271e-02
nan	5.729300000000000000e+04	5.729300000000000637e+01	nan	1.496113733162872106e-01	4.486625391484631575e-01	1.981543695736238606e-02
nan	5.716400000000000000e+04	5.716400000000000148e+01	nan	1.518222344810453706e-01	4.470219147946171145e-01	1.995651575421266560e-02
nan	5.691919999999999709e+04	5.691920000000000357e+01	nan	1.533504564414272520e-01	4.602877548714335854e-01	1.959919936623712861e-02
nan	5.679780000000000291e+04	5.679779999999999518e+01	nan	1.556064691078347662e-01	4.569770555190784123e-01	2.016017421325475706e-02
nan	5.657219999999999709e+04	5.657219999999999516e+01	nan	1.577018589596946296e-01	4.509171872720988405e-01	2.043668620172294295e-02
nan	5.651780000000000291e+04	5.651780000000000825e+01	nan	1.596277708338334489e-01	4.333226666952111339e-01	2.001384910625798527e-02
nan	5.633180000000000291e+04	5.633180000000000831e+01	nan	1.617469151789919235e-01	4.410655182236222771e-01	2.060112613359059777e-02
nan	5.600640000000000146e+04	5.600639999999999930e+01	nan	1.636238916976992530e-01	4.521564447493485739e-01	2.004705016231813491e-02
nan	5.547640000000000146e+04	5.547639999999999816e+01	nan	1.658392124554666225e-01	4.183610143792909075e-01	2.031263487715300256e-02
nan	5.491319999999999709e+04	5.491320000000000334e+01	nan	1.673824922702976947e-01	4.486802857489511354e-01	2.049859813315837304e-02
nan	5.417880000000000291e+04	5.417880000000000251e+01	nan	1.697554921219705248e-01	4.378711942085239395e-01	2.090028669745098641e-02
nan	5.362700000000000000e+04	5.362699999999999534e+01	nan	1.706843979744746831e-01	4.315913781214069656e-01	1.982301999538282899e-02
nan	5.318859999999999854e+04	5.318859999999999388e+01	nan	1.734729753335557123e-01	4.449999387380822458e-01	1.973900900426670685e-02
nan	5.204559999999999854e+04	5.204560000000000031e+01	nan	1.756460469080081965e-01	4.213075327397070025e-01	2.071092746941367510e-02
nan	5.089040000000000146e+04	5.089039999999999964e+01	nan	1.774228473030348141e-01	4.422986970150050157e-01	1.995904704093405188e-02
nan	4.974740000000000146e+04	4.974739999999999185e+01	nan	1.789963253554958666e-01	4.307658883817119255e-01	2.003084012198606129e-02
nan	4.865259999999999854e+04	4.865259999999999962e+01	nan	1.811449939967644807e-01	4.478098716727147988e-01	1.984038056818882012e-02
nan	4.677640000000000146e+04	4.677640000000000242e+01	nan	1.836525012951767677e-01	4.585731095260152657e-01	2.059399351435722142e-02
nan	4.464419999999999709e+04	4.464419999999999789e+01	nan	1.854707144999622470e-01	4.500757693308500285e-01	2.079221652037404125e-02
nan	4.234359999999999854e+04	4.234360000000000213e+01	nan	1.868361923874317654e-01	4.168345117215893625e-01	2.119203010613936872e-02
nan	3.936619999999999709e+04	3.936620000000000630e+01	nan	1.889604029513066163e-01	4.446497289670824915e-01	2.033074636066594179e-02
nan	3.645919999999999709e+04	3.645919999999999561e+01	nan	1.909334768390294756e-01	4.348342105006072211e-01	2.101888861671170547e-02
nan	3.326059999999999854e+04	3.326059999999999661e+01	nan	1.933929367813903011e-01	4.559377259463864851e-01	2.061929203418095755e-02
nan	3.043479999999999927e+04	3.043480000000000274e+01	nan	1.955351408017122483e-01	4.466347154304555755e-01	2.089395293199167863e-02
nan	2.761320000000000073e+04	2.761319999999999908e+01	nan	1.962361607081220538e-01	4.605407678262897209e-01	2.120434627691985055e-02
nan	2.477159999999999854e+04	2.477159999999999940e+01	nan	1.991194350060027374e-01	4.547366898954742220e-01	2.061791450891092836e-02
nan	2.234920000000000073e+04	2.234920000000000329e+01	nan	2.010357491698982757e-01	4.486555469556724463e-01	2.116021590091819032e-02
nan	1.984659999999999854e+04	1.984660000000000224e+01	nan	2.012443292677119078e-01	4.541011884864772918e-01	2.135546032683883697e-02
nan	1.794400000000000000e+04	1.794399999999999906e+01	nan	2.052756565252764065e-01	4.487784636679193473e-01	2.121762840768255318e-02
nan	1.642879999999999927e+04	1.642880000000000251e+01	nan	1.937031997101982539e-01	4.517498852569792334e-01	2.063184217054683106e-02
nan	1.517879999999999927e+04	1.517880000000000074e+01	nan	2.077768310552983166e-01	4.332861082503868255e-01	2.158876431243896693e-02
nan	1.431060000000000036e+04	1.431059999999999910e+01	nan	2.107684873677442283e-01	4.340496239086057417e-01	2.131899162507799872e-02
nan	1.325439999999999964e+04	1.325440000000000040e+01	nan	2.132520537092943980e-01	4.600762327486919157e-01	2.126652083121492037e-02
nan	1.237060000000000036e+04	1.237059999999999960e+01	nan	2.147887699026568842e-01	4.480301723147765425e-01	2.081489761893671325e-02
nan	1.157360000000000036e+04	1.157360000000000078e+01	nan	2.152896078952551417e-01	4.327750212503057581e-01	2.123855183133081109e-02
nan	1.095720000000000073e+04	1.095720000000000205e+01	nan	2.136578748854901788e-01	4.627813943069767899e-01	2.144279965375268590e-02
nan	1.046320000000000073e+04	1.046319999999999872e+01	nan	2.194130474919006590e-01	4.475224250977990481e-01	2.115888357440915898e-02
nan	9.964399999999999636e+03	9.964399999999999480e+00	nan	2.218154050578561853e-01	4.338838033371178460e-01	2.123990379344711105e-02
nan	9.629200000000000728e+03	9.629199999999999093e+00	nan	2.236732512076002877e-01	4.449830745515249708e-01	2.128075629062351620e-02
nan	9.217799999999999272e+03	9.217800000000000438e+00	nan	2.249894394682144250e-01	4.312054714925438459e-01	2.170474476573254138e-02
nan	8.964799999999999272e+03	8.964800000000000324e+00	nan	2.279190205282304871e-01	4.726740267512635763e-01	2.148735953395295578e-02
nan	8.785399999999999636e+03	8.785400000000000986e+00	nan	2.294915215989078716e-01	4.357819006720486388e-01	2.229912356581777860e-02
nan	8.556799999999999272e+03	8.556799999999999073e+00	nan	2.326507031093115185e-01	4.705747826741847328e-01	2.221783422265133368e-02
nan	8.397399999999999636e+03	8.397399999999999309e+00	nan	2.335761420846495240e-01	4.385476836008713741e-01	2.144066671725397555e-02
nan	8.114800000000000182e+03	8.114799999999998903e+00	nan	2.364094455728377453e-01	4.526860865676534118e-01	2.210401911319976806e-02
nan	8.020000000000000000e+03	8.019999999999999574e+00	nan	2.378466630745776911e-01	4.467237122723317633e-01	2.230712232863112446e-02
nan	7.845399999999999636e+03	7.845400000000000595e+00	nan	2.380373710340961679e-01	4.401936774188790480e-01	2.211968952894771689e-02
nan	7.882800000000000182e+03	7.882800000000000473e+00	nan	2.389909936566652904e-01	4.422376395494331258e-01	2.122384700418002840e-02
nan	7.749800000000000182e+03	7.749800000000000466e+00	nan	2.422644272471359272e-01	4.566057645171573975e-01	2.221780139554745473e-02
nan	7.650800000000000182e+03	7.650799999999999379e+00	nan	2.432741079645438786e-01	4.288844604839013863e-01	2.281437001806736406e-02
nan	0.000000000000000000e+00	0.000000000000000000e+00	0.000000000000000000e+00	0.000000000000000000e+00	0.000000000000000000e+00	0.000000000000000000e+00
nan	0.000000000000000000e+00	0.000000000000000000e+00	0.000000000000000000e+00	0.000000000000000000e+00	0.000000000000000000e+00	0.000000000000000000e+00
nan	0.000000000000000000e+00	0.000000000000000000e+00	0.000000000000000000e+00	0.000000000000000000e+00	0.000000000000000000e+00	0.000000000000000000e+00
nan	0.000000000000000000e+00	0.000000000000000000e+00	0.000000000000000000e+00	0.000000000000000000e+00	0.000000000000000000e+00	0.000000000000000000e+00
nan	0.000000000000000000e+00	0.000000000000000000e+00	0.000000000000000000e+00	0.000000000000000000e+00	0.000000000000000000e+00	0.000000000000000000e+00
nan	0.000000000000000000e+00	0.000000000000000000e+00	0.000000000000000000e+00	0.000000000000000000e+00	0.000000000000000000e+00	0.000000000000000000e+00
nan	0.000000000000000000e+00	0.000000000000000000e+00	0.000000000000000000e+00	0.000000000000000000e+00	0.000000000000000000e+00	0.000000000000000000e+00
nan	0.000000000000000000e+00	0.000000000000000000e+00	0.000000000000000000e+00	0.000000000000000000e+00	0.000000000000000000e+00	0.000000000000000000e+00
nan	0.000000000000000000e+00	0.000000000000000000e+00	0.000000000000000000e+00	0.000000000000000000e+00	0.000000000000000000e+00	0.000000000000000000e+00
nan	0.000000000000000000e+00	0.000000000000000000e+00	0.000000000000000000e+00	0.000000000000000000e+00	0.000000000000000000e+00	0.000000000000000000e+00
nan	4.115600000000000364e+03	4.115599999999999703e+00	nan	5.848160354671137068e-02	4.337498870605028256e-01	2.419753703537743522e-02
nan	6.567199999999999818e+03	6.567199999999999704e+00	nan	6.157079571574399640e-02	4.502250879505280134e-01	2.411417089101455108e-02
nan	9.445600000000000364e+03	9.445600000000000662e+00	nan	6.338721179354252222e-02	4.526713034073707176e-01	2.294735495235542683e-02
nan	1.290079999999999927e+04	1.290079999999999849e+01	nan	6.570802066180476964e-02	4.351621203158524409e-01	2.293286256935225115e-02
nan	1.660779999999999927e+04	1.660779999999999745e+01	nan	6.742061190342099608e-02	4.444985475873705627e-01	2.250654004988170837e-02
nan	2.045759999999999854e+04	2.045759999999999934e+01	nan	6.949382101603021611e-02	4.457292028416525165e-01	2.195816152062235460e-02
nan	2.404940000000000146e+04	2.404939999999999856e+01	nan	7.180814278841581022e-02	4.567653972873439439e-01	2.155545749858482976e-02
nan	2.646779999999999927e+04	2.646780000000000044e+01	nan	7.372732137178275580e-02	4.465067436494598030e-01	2.210611803989017549e-02
nan	2.927200000000000000e+04	2.927200000000000202e+01	nan	7.579448017605158738e-02	4.610702447063999010e-01	2.153114342267254885e-02
nan	3.172520000000000073e+04	3.172520000000000095e+01	nan	7.774059444023180554e-02	4.349807246777143144e-01	2.096858997576980105e-02
nan	3.418480000000000291e+04	3.418480000000000274e+01	nan	7.940914653917445498e-02	4.399183109106460376e-01	2.098032772828641729e-02
nan	3.606800000000000000e+04	3.606799999999999784e+01	nan	8.182067876321355571e-02	4.579458445550738110e-01	2.064243376414527306e-02
nan	3.773300000000000000e+04	3.773300000000000409e+01	nan	8.382640393274129464e-02	4.570732995506354146e-01	2.002119201260832426e-02
nan	3.931680000000000291e+04	3.931680000000000774e+01	nan	8.543568745650986784e-02	4.311452588041468914e-01	2.030038297342819792e-02
nan	4.080619999999999709e+04	4.080620000000000402e+01	nan	8.770283265411649154e-02	4.513074116502516775e-01	1.983645824255244466e-02
nan	4.177480000000000291e+04	4.177479999999999905e+01	nan	8.975319422007714543e-02	4.420350964751826872e-01	1.975134274841776685e-02
nan	4.243740000000000146e+04	4.243739999999999668e+01	nan	9.184411515588522534e-02	4.639832584234943047e-01	1.928031316415523833e-02
nan	4.313980000000000291e+04	4.313979999999999393e+01	nan	9.367007180789244103e-02	4.502881360553591117e-01	1.937628291435924272e-02
nan	4.358319999999999709e+04	4.358319999999999794e+01	nan	9.571712660334412426e-02	4.200178901775666884e-01	1.886175859279815015e-02
nan	4.399700000000000000e+04	4.399699999999999989e+01	nan	9.769475844928195152e-02	4.557340305334269814e-01	1.847819145568898452e-02
nan	4.389040000000000146e+04	4.389039999999999964e+01	nan	9.969321264474331756e-02	4.353703225813090327e-01	1.817160582767600799e-02
nan	4.396600000000000000e+04	4.396600000000000108e+01	nan	1.014359919085734418e-01	4.473749967010444140e-01	1.826022295300488985e-02
nan	4.392400000000000000e+04	4.392399999999999949e+01	nan	1.036895544546212050e-01	4.397468490844224087e-01	1.783704637597809464e-02
nan	4.388980000000000291e+04	4.388979999999999393e+01	nan	1.052972843696807076e-01	4.486509210332677577e-01	1.754334262867560806e-02
nan	4.376440000000000146e+04	4.376440000000000197e+01	nan	1.078061912625145197e-01	4.439580180351472838e-01	1.718075961059181006e-02
nan	4.360919999999999709e+04	4.360920000000000130e+01	nan	1.097678796425896053e-01	4.315142864849722537e-01	1.755571794227859042e-02
nan	4.327140000000000146e+04	4.327139999999999276e+01	nan	1.116548099333243699e-01	4.670561839388280845e-01	1.711892382171710178e-02
nan	4.326819999999999709e+04	4.326820000000000022e+01	nan	1.134492123529668162e-01	4.727958450422405923e-01	1.719751740756314540e-02
nan	4.300000000000000000e+04	4.300000000000000711e+01	nan	1.157608690390134198e-01	4.380876230066125254e-01	1.716101497573734383e-02
nan	4.298159999999999854e+04	4.298160000000000025e+01	nan	1.177145336495499378e-01	4.659301227738152917e-01	1.676241925599502094e-02
nan	4.291900000000000000e+04	4.291900000000000404e+01	nan	1.193541389047140938e-01	4.554254045284417129e-01	1.652718095498189113e-02
nan	4.290319999999999709e+04	4.290319999999999823e+01	nan	1.215987572697713459e-01	4.583031065057414644e-01	1.590978236232212101e-02
nan	4.287900000000000000e+04	4.287900000000000489e+01	nan	1.236521766995650751e-01	4.438797087085566417e-01	1.639212389586255231e-02
nan	4.273380000000000291e+04	4.273379999999999512e+01	nan	1.255998845549328169e-01	4.495222613683821922e-01	1.646620746909954747e-02
nan	4.261659999999999854e+04	4.261659999999999826e+01	nan	1.277200799431113809e-01	4.581262973843889807e-01	1.594572867798414034e-02
nan	4.272080000000000291e+04	4.272080000000000410e+01	nan	1.290598770062615641e-01	4.377583673587383539e-01	1.574014868312651957e-02
nan	4.262780000000000291e+04	4.262780000000000058e+01	nan	1.309244722998471333e-01	4.293289739677804695e-01	1.560582613950627431e-02
nan	4.270000000000000000e+04	4.270000000000000284e+01	nan	1.335165415479309670e-01	4.518636941373636029e-01	1.578578179747864782e-02
nan	4.268359999999999854e+04	4.268360000000000554e+01	nan	1.343723199119722378e-01	4.347750785601120493e-01	1.603776942622552396e-02
nan	4.256240000000000146e+04	4.256240000000000379e+01	nan	1.377554846650639320e-01	4.308820431907874893e-01	1.589114300727887535e-02
nan	4.279519999999999709e+04	4.279520000000000124e+01	nan	1.394878091799284792e-01	4.499186621004233610e-01	1.573085673668792733e-02
nan	4.283500000000000000e+04	4.283500000000000085e+01	nan	1.414267967430191675e-01	4.565994473044723279e-01	1.570348177113860613e-02
nan	4.268700000000000000e+04	4.268700000000000472e+01	nan	1.435273186534800627e-01	4.225002028207859861e-01	1.523122276962549614e-02
nan	4.275500000000000000e+04	4.275499999999999545e+01	nan	1.457282164835930760e-01	4.337331038895924640e-01	1.587715167892635865e-02
nan	4.246300000000000000e+04	4.246300000000000097e+01	nan	1.477326413950549866e-01	4.360677054810135900e-01	1.549859499910049079e-02
nan	4.223619999999999709e+04	4.223620000000000374e+01	nan	1.494952922947049845e-01	4.264637130240315765e-01	1.526527641469481791e-02
nan	4.228800000000000000e+04	4.228799999999999670e+01	nan	1.518184797715718959e-01	4.394943485877635392e-01	1.549297408672956067e-02
nan	4.217459999999999854e+04	4.217459999999999809e+01	nan	1.537834146683394465e-01	4.416959966233443557e-01	1.528613186918370559e-02
nan	4.194700000000000000e+04	4.194699999999999562e+01	nan	1.546652477079931143e-01	4.269219608375428576e-01	1.515514284239358710e-02
nan	4.197080000000000291e+04	4.197079999999999700e+01	nan	1.576036131298167164e-01	4.581233052263045669e-01	1.536289487800530582e-02
nan	4.173159999999999854e+04	4.173160000000000025e+01	nan	1.594820340642911505e-01	4.484158911258067093e-01	1.516357726999810820e-02
nan	4.162240000000000146e+04	4.162239999999999895e+01	nan	1.616908995666960780e-01	4.454170054884083463e-01	1.509223758208317820e-02
nan	4.147459999999999854e+04	4.147459999999999525e+01	nan	1.634387623171051074e-01	4.695583692854110036e-01	1.534656469525241818e-02
nan	4.090140000000000146e+04	4.090140000000000242e+01	nan	1.648560222869264180e-01	4.255466597030088671e-01	1.620033035482375608e-02
nan	4.055019999999999709e+04	4.055020000000000380e+01	nan	1.671957328574990298e-01	4.407468378922366758e-01	1.528733689260874939e-02
nan	4.014619999999999709e+04	4.014620000000000033e+01	nan	1.695085811115859542e-01	4.466438678472668400e-01	1.558221424852934689e-02
nan	3.974540000000000146e+04	3.974539999999999651e+01	nan	1.715586340555319000e-01	4.522163659093824117e-01	1.545810585677713858e-02
nan	3.927580000000000291e+04	3.927580000000000382e+01	nan	1.732208814006526154e-01	4.393642756353960399e-01	1.563753318528053951e-02
nan	3.849340000000000146e+04	3.849340000000000117e+01	nan	1.754596276878885308e-01	4.201929960961468535e-01	1.549775439076022179e-02
nan	3.758880000000000291e+04	3.758879999999999910e+01	nan	1.774214144843654084e-01	4.597794783439413391e-01	1.553921748785338543e-02
nan	3.687219999999999709e+04	3.687219999999999942e+01	nan	1.794644466198633270e-01	4.423710622757400235e-01	1.577634452926162181e-02
nan	3.611780000000000291e+04	3.611780000000000257e+01	nan	1.815608646731106945e-01	4.484253195798721947e-01	1.504181451670305592e-02
nan	3.450400000000000000e+04	3.450400000000000489e+01	nan	1.833733253703144217e-01	4.413131524166246100e-01	1.536237208000343878e-02
nan	3.293300000000000000e+04	3.293299999999999983e+01	nan	1.858018344099264252e-01	4.541867314853903492e-01	1.561657963105602710e-02
nan	3.131679999999999927e+04	3.131680000000000064e+01	nan	1.866341856427823076e-01	4.502106601675559538e-01	1.544178708733881002e-02
nan	2.910779999999999927e+04	2.910779999999999745e+01	nan	1.894117364566454964e-01	4.317592764188588061e-01	1.596092168187475055e-02
nan	2.681079999999999927e+04	2.681079999999999330e+01	nan	1.909731979023547299e-01	4.393813164267889593e-01	1.603727234029826004e-02
nan	2.459679999999999927e+04	2.459679999999999467e+01	nan	1.932334730958245872e-01	4.407575871797336786e-01	1.620072059688517502e-02
nan	2.245040000000000146e+04	2.245039999999999836e+01	nan	1.943452830662465713e-01	4.505744728419449063e-01	1.600145965191046571e-02
nan	2.042920000000000073e+04	2.042920000000000158e+01	nan	1.963355280768325772e-01	4.577215958196855228e-01	1.600935083928405403e-02
nan	1.839679999999999927e+04	1.839680000000000248e+01	nan	1.963319388896707096e-01	4.454638308148351489e-01	1.594103001137341449e-02
nan	1.656779999999999927e+04	1.656779999999999831e+01	nan	2.006131228886602058e-01	4.180138680711031895e-01	1.562934050233941857e-02
nan	1.461120000000000073e+04	1.461120000000000019e+01	nan	2.026595845522706496e-01	4.529408819274503561e-01	1.597588721743292695e-02
nan	1.326979999999999927e+04	1.326979999999999826e+01	nan	2.051062824054554201e-01	4.493728922666090364e-01	1.597491102081782799e-02
nan	1.212260000000000036e+04	1.212260000000000026e+01	nan	2.021316210455097462e-01	4.415524395879567576e-01	1.574417346052037203e-02
nan	1.131179999999999927e+04	1.131179999999999986e+01	nan	2.085668640704113896e-01	4.654293253704452904e-01	1.602162342274056003e-02
nan	1.050479999999999927e+04	1.050479999999999947e+01	nan	2.098555962540842867e-01	4.573153968213614640e-01	1.610381836785990117e-02
nan	9.810000000000000000e+03	9.810000000000000497e+00	nan	2.113863352588907785e-01	4.324004247348073871e-01	1.583233386642639642e-02
nan	9.211200000000000728e+03	9.211199999999999832e+00	nan	2.136522951767290124e-01	4.491976298075782692e-01	1.565078141250815166e-02
nan	8.438200000000000728e+03	8.438200000000000145e+00	nan	2.144862004295930435e-01	4.194737042280926032e-01	1.593634287916252321e-02
nan	8.120800000000000182e+03	8.120799999999999130e+00	nan	2.179029749542905903e-01	4.288868172575554527e-01	1.624703855262410457e-02
nan	7.693000000000000000e+03	7.692999999999999616e+00	nan	2.163802699988025269e-01	4.518528343780299217e-01	1.669529241661713709e-02
nan	7.410399999999999636e+03	7.410400000000000098e+00	nan	2.218083712246254890e-01	4.533420729125006154e-01	1.603570376526874952e-02
nan	7.183399999999999636e+03	7.183400000000000674e+00	nan	2.236379647279022609e-01	4.316344402023542526e-01	1.634075296770376440e-02
nan	6.824199999999999818e+03	6.824199999999999378e+00	nan	2.225647090040013265e-01	4.282648737677742790e-01	1.670063208320051590e-02
nan	6.613000000000000000e+03	6.612999999999999545e+00	nan	2.268254394740665814e-01	4.516448022802154183e-01	1.711934695641019813e-02
nan	6.417399999999999636e+03	6.417400000000000659e+00	nan	2.262179099583761510e-01	4.208416303934371383e-01	1.718642997657369303e-02
nan	6.216800000000000182e+03	6.216799999999999216e+00	nan	2.279457853424787517e-01	4.677023377610291521e-01	1.712604735051748150e-02
nan	6.177399999999999636e+03	6.177400000000000446e+00	nan	2.259195176702121499e-01	4.339461342236851094e-01	1.683677219471206923e-02
nan	5.998000000000000000e+03	5.997999999999999332e+00	nan	2.370329848745257040e-01	4.297478023797485780e-01	1.671278478077695834e-02
nan	5.930399999999999636e+03	5.930400000000000560e+00	nan	2.359749865824085080e-01	4.320588109101415886e-01	1.713295024373628905e-02
nan	5.882600000000000364e+03	5.882599999999999163e+00	nan	2.392360074222324440e-01	4.598492744336969418e-01	1.781997635841889999e-02
nan	5.771000000000000000e+03	5.770999999999999019e+00	nan	2.402989995317739158e-01	4.486101429585346301e-01	1.718022168997883695e-02
nan	5.684399999999999636e+03	5.684400000000000119e+00	nan	2.409282948997372442e-01	4.194469824829344384e-01	1.711734743225221816e-02
nan	5.592800000000000182e+03	5.592800000000000438e+00	nan	2.433390692122031906e-01	4.427678016149355633e-01	1.656521704478848209e-02
