# SourcePhotonFlux	NumberRaysSurvived	PercentageRaysSurvived	PhotonFlux	Bandwidth	HorizontalFocusFWHM	VerticalFocusFWHM
nan	0.000000000000000000e+00	0.000000000000000000e+00	0.000000000000000000e+00	0.000000000000000000e+00	0.000000000000000000e+00	0.000000000000000000e+00
nan	0.000000000000000000e+00	0.000000000000000000e+00	0.000000000000000000e+00	0.000000000000000000e+00	0.000000000000000000e+00	0.000000000000000000e+00
nan	0.000000000000000000e+00	0.000000000000000000e+00	0.000000000000000000e+00	0.000000000000000000e+00	0.000000000000000000e+00	0.000000000000000000e+00
nan	0.000000000000000000e+00	0.000000000000000000e+00	0.000000000000000000e+00	0.000000000000000000e+00	0.000000000000000000e+00	0.000000000000000000e+00
nan	0.000000000000000000e+00	0.000000000000000000e+00	0.000000000000000000e+00	0.000000000000000000e+00	0.000000000000000000e+00	0.000000000000000000e+00
nan	0.000000000000000000e+00	0.000000000000000000e+00	0.000000000000000000e+00	0.000000000000000000e+00	0.000000000000000000e+00	0.000000000000000000e+00
nan	0.000000000000000000e+00	0.000000000000000000e+00	0.000000000000000000e+00	0.000000000000000000e+00	0.000000000000000000e+00	0.000000000000000000e+00
nan	0.000000000000000000e+00	0.000000000000000000e+00	0.000000000000000000e+00	0.000000000000000000e+00	0.000000000000000000e+00	0.000000000000000000e+00
nan	9.599999999999999645e-01	9.600000000000001327e-04	nan	6.956119597810253748e-03	7.600047404563924081e-02	3.653198048021885809e-03
nan	3.920000000000000373e+00	3.920000000000000741e-03	nan	7.246408867339541524e-03	9.499984905515365674e-02	3.579352477653482360e-03
nan	1.187999999999999901e+01	1.187999999999999820e-02	nan	8.225036355007939518e-03	9.284463612144412681e-02	5.143852798645489124e-03
nan	2.748000000000000043e+01	2.748000000000000442e-02	nan	9.862776500873445332e-03	8.785965762683704827e-02	3.822932801085769574e-03
nan	6.012000000000000455e+01	6.011999999999999289e-02	nan	9.549960876618116337e-03	7.375386289582308574e-02	4.145847185719446146e-03
nan	1.062000000000000028e+02	1.061999999999999889e-01	nan	1.223746948603206784e-02	7.958757958035318769e-02	4.195554332410651732e-03
nan	1.808000000000000114e+02	1.807999999999999885e-01	nan	1.140136350726777409e-02	8.348800209794246530e-02	4.139933384955440943e-03
nan	2.748799999999999955e+02	2.748800000000000132e-01	nan	1.358710359115889409e-02	8.223219539798808098e-02	4.327898156980651730e-03
nan	3.822800000000000296e+02	3.822800000000000087e-01	nan	1.398242388649236986e-02	8.940855553741464123e-02	4.084831781270814241e-03
nan	4.679199999999999591e+02	4.679200000000000026e-01	nan	1.339074667612521682e-02	8.988851391435390137e-02	4.067228036667778178e-03
nan	5.668799999999999955e+02	5.668799999999999395e-01	nan	1.500802501274222343e-02	8.889491902146474944e-02	3.853632534356634526e-03
nan	6.566399999999999864e+02	6.566400000000000015e-01	nan	1.520175670351932296e-02	8.575809108134932468e-02	4.006572201131852404e-03
nan	7.638799999999999955e+02	7.638800000000001145e-01	nan	1.523897640903783268e-02	8.585385786685875709e-02	3.915851212213610107e-03
nan	8.625600000000000591e+02	8.625599999999999934e-01	nan	1.622953380856642994e-02	8.115231489317668856e-02	3.822921231028075968e-03
nan	9.498399999999999181e+02	9.498400000000000176e-01	nan	1.645445788222275538e-02	8.938499543569858319e-02	3.900254697106682409e-03
nan	1.028480000000000018e+03	1.028479999999999839e+00	nan	1.684051286533758823e-02	9.321008451436213482e-02	3.870976465437223849e-03
nan	1.100960000000000036e+03	1.100960000000000161e+00	nan	1.741909094866741711e-02	8.979059556947287246e-02	3.906790739081901845e-03
nan	1.158559999999999945e+03	1.158560000000000034e+00	nan	1.760962650973681501e-02	8.992836560258797574e-02	3.744628545819086388e-03
nan	1.196160000000000082e+03	1.196160000000000112e+00	nan	1.813732473426455521e-02	8.901880482454670174e-02	3.837229539286379602e-03
nan	1.238200000000000045e+03	1.238200000000000189e+00	nan	1.828623517212122490e-02	9.040970604698858604e-02	3.680305949796390010e-03
nan	1.257639999999999873e+03	1.257640000000000091e+00	nan	1.895990684898038112e-02	9.150419256691619263e-02	3.791808278879784527e-03
nan	1.293000000000000000e+03	1.292999999999999705e+00	nan	1.933184511909189635e-02	8.640342944772713696e-02	3.634549627635670806e-03
nan	1.292360000000000127e+03	1.292359999999999953e+00	nan	1.943460986753393557e-02	9.330229102778186956e-02	3.636156428903604236e-03
nan	1.284759999999999991e+03	1.284759999999999902e+00	nan	1.984859979876944097e-02	9.470903947860993821e-02	3.609877267920351320e-03
nan	1.269120000000000118e+03	1.269120000000000026e+00	nan	2.060073990301702906e-02	8.772200003903238286e-02	3.422693345397305464e-03
nan	1.264679999999999836e+03	1.264679999999999804e+00	nan	2.063654734027295379e-02	8.802104279519472330e-02	3.426292168817450523e-03
nan	1.269079999999999927e+03	1.269079999999999986e+00	nan	2.133678075031014004e-02	8.551351687767191900e-02	3.463553314107316837e-03
nan	1.266000000000000000e+03	1.266000000000000014e+00	nan	2.148712399702674275e-02	9.569757669161305103e-02	3.278343777052316992e-03
nan	1.258320000000000164e+03	1.258320000000000105e+00	nan	2.203230970598781327e-02	8.967809323343335637e-02	3.281370704156501370e-03
nan	1.240519999999999982e+03	1.240519999999999845e+00	nan	2.228703726041033131e-02	9.284216512890267059e-02	3.296212035068997372e-03
nan	1.239039999999999964e+03	1.239039999999999919e+00	nan	2.261278246605684036e-02	8.674331008322087866e-02	3.271488740599703873e-03
nan	1.219799999999999955e+03	1.219799999999999995e+00	nan	2.333546479979986543e-02	8.877974504519534071e-02	3.216840898913471327e-03
nan	1.218879999999999882e+03	1.218879999999999963e+00	nan	2.350863977784058492e-02	8.744097666526243207e-02	3.259084279435988437e-03
nan	1.215440000000000055e+03	1.215439999999999854e+00	nan	2.369984465431343792e-02	8.289170867350131866e-02	3.221132708554499176e-03
nan	1.210360000000000127e+03	1.210360000000000102e+00	nan	2.444319692802366523e-02	8.989090819942818777e-02	3.154497692035533509e-03
nan	1.219559999999999945e+03	1.219559999999999977e+00	nan	2.498325752780715392e-02	9.160149486238140792e-02	3.127909294054909226e-03
nan	1.229279999999999973e+03	1.229279999999999928e+00	nan	2.541774280959373591e-02	9.153832458438510011e-02	2.989238550125428249e-03
nan	1.199839999999999918e+03	1.199840000000000018e+00	nan	2.562851635054357730e-02	8.926688978932277585e-02	3.130104181468773474e-03
nan	1.200079999999999927e+03	1.200080000000000258e+00	nan	2.554509292014586069e-02	8.601016993099552810e-02	3.052062255426975061e-03
nan	1.207400000000000091e+03	1.207400000000000029e+00	nan	2.575117756791314716e-02	8.486569702376464686e-02	3.064820125325838033e-03
nan	1.201759999999999991e+03	1.201760000000000161e+00	nan	2.673864082246950671e-02	8.809635422746917022e-02	3.012635749492638144e-03
nan	1.209039999999999964e+03	1.209039999999999893e+00	nan	2.699082773917552830e-02	8.579723855185741876e-02	2.968655251393208499e-03
nan	1.201320000000000164e+03	1.201319999999999943e+00	nan	2.744243325585103005e-02	9.260969994086296064e-02	2.925117706278648061e-03
nan	1.206920000000000073e+03	1.206919999999999771e+00	nan	2.787365701373005142e-02	9.063118066395056682e-02	3.036191228967943714e-03
nan	1.207160000000000082e+03	1.207160000000000011e+00	nan	2.852955793554883684e-02	8.834617460785934573e-02	2.919480598192727462e-03
nan	1.215759999999999991e+03	1.215759999999999952e+00	nan	2.862630896504697597e-02	8.915717153016494700e-02	2.893739153820434028e-03
nan	1.197720000000000027e+03	1.197719999999999896e+00	nan	2.869127861717742783e-02	8.960420214150953411e-02	2.864078871728601566e-03
nan	1.191519999999999982e+03	1.191520000000000135e+00	nan	2.947153984180431868e-02	8.672193125653866741e-02	2.864800679798129492e-03
nan	1.177400000000000091e+03	1.177400000000000002e+00	nan	2.989540589347029417e-02	8.640660664488739040e-02	2.796068044469635083e-03
nan	1.184320000000000164e+03	1.184320000000000039e+00	nan	3.004386796103403895e-02	8.816594470481291246e-02	2.730086772966054069e-03
nan	1.182879999999999882e+03	1.182879999999999932e+00	nan	3.081837668144998821e-02	9.063937295592092158e-02	2.712644426173049707e-03
nan	1.163320000000000164e+03	1.163320000000000132e+00	nan	3.108894523650292466e-02	9.130486644718412148e-02	2.729019689670408953e-03
nan	0.000000000000000000e+00	0.000000000000000000e+00	0.000000000000000000e+00	0.000000000000000000e+00	0.000000000000000000e+00	0.000000000000000000e+00
nan	0.000000000000000000e+00	0.000000000000000000e+00	0.000000000000000000e+00	0.000000000000000000e+00	0.000000000000000000e+00	0.000000000000000000e+00
nan	0.000000000000000000e+00	0.000000000000000000e+00	0.000000000000000000e+00	0.000000000000000000e+00	0.000000000000000000e+00	0.000000000000000000e+00
nan	0.000000000000000000e+00	0.000000000000000000e+00	0.000000000000000000e+00	0.000000000000000000e+00	0.000000000000000000e+00	0.000000000000000000e+00
nan	0.000000000000000000e+00	0.000000000000000000e+00	0.000000000000000000e+00	0.000000000000000000e+00	0.000000000000000000e+00	0.000000000000000000e+00
nan	0.000000000000000000e+00	0.000000000000000000e+00	0.000000000000000000e+00	0.000000000000000000e+00	0.000000000000000000e+00	0.000000000000000000e+00
nan	0.000000000000000000e+00	0.000000000000000000e+00	0.000000000000000000e+00	0.000000000000000000e+00	0.000000000000000000e+00	0.000000000000000000e+00
nan	0.000000000000000000e+00	0.000000000000000000e+00	0.000000000000000000e+00	0.000000000000000000e+00	0.000000000000000000e+00	0.000000000000000000e+00
nan	3.360000000000000320e+00	3.360000000000000573e-03	nan	7.346093755671437471e-03	9.512387809764502600e-02	3.675517309203443772e-03
nan	1.632000000000000028e+01	1.632000000000000117e-02	nan	7.887380201567730648e-03	1.047942865331741025e-01	3.897852930579764116e-03
nan	4.920000000000000284e+01	4.920000000000000068e-02	nan	1.074007073972381952e-02	8.205616708779081558e-02	4.653308290672697814e-03
nan	1.204000000000000057e+02	1.203999999999999931e-01	nan	1.169838033127604086e-02	7.648613014735454463e-02	4.330690284143371913e-03
nan	2.505600000000000023e+02	2.505600000000000049e-01	nan	1.238453492943733698e-02	8.996842452303552284e-02	4.451879770295832060e-03
nan	4.700399999999999636e+02	4.700400000000000134e-01	nan	1.267730477510383390e-02	9.123064066457373111e-02	4.477249378943568350e-03
nan	7.723199999999999363e+02	7.723200000000000065e-01	nan	1.340082022417618535e-02	8.402916573593219307e-02	4.447767277839318432e-03
nan	1.162879999999999882e+03	1.162879999999999914e+00	nan	1.389386898310135746e-02	8.306156580597218175e-02	4.278090337046371733e-03
nan	1.612519999999999982e+03	1.612519999999999953e+00	nan	1.429368351753623756e-02	9.445470888802433296e-02	4.298761849741801130e-03
nan	1.969200000000000045e+03	1.969200000000000061e+00	nan	1.468896473190057020e-02	8.478874511653913815e-02	4.367023686389579981e-03
nan	2.383800000000000182e+03	2.383799999999999919e+00	nan	1.404363375516595736e-02	8.828161159254278856e-02	4.214561459493780179e-03
nan	2.829640000000000327e+03	2.829639999999999933e+00	nan	1.554684249518175146e-02	9.228659812293529829e-02	4.240992071879610623e-03
nan	3.242800000000000182e+03	3.242799999999999905e+00	nan	1.590939898306317074e-02	8.723037235698199998e-02	4.125961441410517551e-03
nan	3.629359999999999673e+03	3.629359999999999697e+00	nan	1.618954092985404672e-02	9.039245279967593472e-02	4.069519416650564485e-03
nan	3.988480000000000473e+03	3.988480000000000469e+00	nan	1.672061088983127844e-02	9.039859044302435420e-02	3.962422793401358667e-03
nan	4.323079999999999927e+03	4.323080000000000034e+00	nan	1.707979557086389266e-02	8.937815231377814473e-02	3.986054716045952726e-03
nan	4.644079999999999927e+03	4.644080000000000652e+00	nan	1.752745848028326031e-02	8.791718635643827606e-02	3.928362548751387559e-03
nan	4.942359999999999673e+03	4.942359999999999864e+00	nan	1.792034886880116903e-02	8.995579044741182362e-02	3.859185161605722947e-03
nan	5.083960000000000036e+03	5.083959999999999368e+00	nan	1.834054799101181993e-02	9.234487966189233732e-02	3.808151590469952517e-03
nan	5.201239999999999782e+03	5.201240000000000308e+00	nan	1.842476180309290598e-02	8.797776576986023056e-02	3.787225749441161006e-03
nan	5.327079999999999927e+03	5.327079999999999593e+00	nan	1.915031428385020537e-02	8.872724915225752018e-02	3.673948155017345979e-03
nan	5.425920000000000073e+03	5.425919999999999632e+00	nan	1.956880112739099731e-02	8.862228146891860947e-02	3.695814196290672041e-03
nan	5.406039999999999964e+03	5.406039999999999957e+00	nan	1.995726707228868621e-02	8.992186262164260369e-02	3.620628090401877691e-03
nan	5.433719999999999345e+03	5.433720000000000994e+00	nan	2.030349537907739227e-02	8.759425478968704826e-02	3.618805664268369589e-03
nan	5.419840000000000146e+03	5.419840000000000657e+00	nan	2.073111044297604871e-02	9.145698113512915062e-02	3.521733798097468303e-03
nan	5.387440000000000509e+03	5.387439999999999785e+00	nan	2.111074646766496893e-02	8.822279845307698376e-02	3.512277735015425541e-03
nan	5.354039999999999964e+03	5.354039999999999466e+00	nan	2.151237946808635254e-02	8.708996625609874420e-02	3.452053757461781731e-03
nan	5.323280000000000655e+03	5.323279999999999568e+00	nan	2.192040232589590604e-02	8.992333583459181934e-02	3.519720016293383796e-03
nan	5.281600000000000364e+03	5.281599999999999184e+00	nan	2.234089726257991460e-02	8.727333968246793472e-02	3.448291230603146851e-03
nan	5.243760000000000218e+03	5.243759999999999977e+00	nan	2.273696328882692658e-02	8.739227159790334543e-02	3.462072609681534491e-03
nan	5.206680000000000291e+03	5.206680000000001307e+00	nan	2.304285854352031149e-02	9.127884477029538091e-02	3.333948799809647538e-03
nan	5.183079999999999927e+03	5.183079999999999465e+00	nan	2.347426529010362972e-02	8.873469518428442337e-02	3.373941241852165124e-03
nan	5.155399999999999636e+03	5.155399999999999316e+00	nan	2.393320339785532519e-02	8.689099506640174386e-02	3.253273012228508239e-03
nan	5.164559999999999491e+03	5.164559999999999818e+00	nan	2.417329240136268514e-02	8.921651179035758328e-02	3.245708953331742468e-03
nan	5.132640000000000327e+03	5.132640000000000313e+00	nan	2.472456379161201354e-02	8.496696168071755928e-02	3.190735012585026002e-03
nan	5.130399999999999636e+03	5.130400000000000738e+00	nan	2.512117978562116577e-02	8.667719729528350348e-02	3.279276648168334782e-03
nan	5.091039999999999964e+03	5.091039999999999566e+00	nan	2.546788334311599761e-02	8.960740297797539777e-02	3.170376305931981060e-03
nan	5.108840000000000146e+03	5.108839999999999826e+00	nan	2.588185844379268380e-02	8.797758320399576282e-02	3.294356231870558364e-03
nan	5.087119999999999891e+03	5.087120000000000530e+00	nan	2.462528213543205280e-02	8.734224308067671527e-02	3.307918813640746327e-03
nan	5.090119999999999891e+03	5.090120000000000644e+00	nan	2.669450490303916165e-02	9.011545584262539710e-02	3.175704940205257513e-03
nan	5.110000000000000000e+03	5.110000000000000320e+00	nan	2.681368171276517567e-02	8.940768951241899465e-02	3.091251018239269625e-03
nan	5.112199999999999818e+03	5.112199999999999633e+00	nan	2.745172085861099370e-02	8.882114724918921400e-02	3.124200404051080508e-03
nan	5.106559999999999491e+03	5.106559999999999988e+00	nan	2.792070806638662431e-02	8.574212964448481300e-02	3.140572695584857403e-03
nan	5.130880000000000109e+03	5.130879999999999441e+00	nan	2.826346337435666281e-02	8.749169519441744869e-02	3.176585027711808975e-03
nan	5.123079999999999927e+03	5.123079999999999856e+00	nan	2.872065882082551827e-02	8.859314226988032615e-02	3.076831639721682235e-03
nan	5.111600000000000364e+03	5.111600000000000144e+00	nan	2.915090441768029492e-02	8.914871435509516551e-02	3.093726556350056070e-03
nan	5.048480000000000473e+03	5.048479999999999634e+00	nan	2.952419751234174397e-02	9.246659562603110061e-02	3.113736062348628625e-03
nan	5.021480000000000473e+03	5.021479999999998611e+00	nan	2.987286461812004718e-02	8.792755550510118756e-02	3.084417238977472681e-03
nan	5.005319999999999709e+03	5.005320000000000213e+00	nan	2.955780942046544804e-02	8.592925853787605761e-02	3.069513588597523428e-03
nan	4.975199999999999818e+03	4.975200000000000067e+00	nan	3.072986922518793768e-02	8.619677057652554153e-02	3.162684221752485540e-03
nan	4.926760000000000218e+03	4.926759999999999806e+00	nan	3.076865131838530873e-02	8.842710726283042888e-02	3.031804535397881768e-03
nan	4.915280000000000655e+03	4.915280000000000094e+00	nan	3.133498609225398440e-02	8.556590485116224998e-02	3.012434272487780635e-03
nan	0.000000000000000000e+00	0.000000000000000000e+00	0.000000000000000000e+00	0.000000000000000000e+00	0.000000000000000000e+00	0.000000000000000000e+00
nan	0.000000000000000000e+00	0.000000000000000000e+00	0.000000000000000000e+00	0.000000000000000000e+00	0.000000000000000000e+00	0.000000000000000000e+00
nan	0.000000000000000000e+00	0.000000000000000000e+00	0.000000000000000000e+00	0.000000000000000000e+00	0.000000000000000000e+00	0.000000000000000000e+00
nan	0.000000000000000000e+00	0.000000000000000000e+00	0.000000000000000000e+00	0.000000000000000000e+00	0.000000000000000000e+00	0.000000000000000000e+00
nan	0.000000000000000000e+00	0.000000000000000000e+00	0.000000000000000000e+00	0.000000000000000000e+00	0.000000000000000000e+00	0.000000000000000000e+00
nan	0.000000000000000000e+00	0.000000000000000000e+00	0.000000000000000000e+00	0.000000000000000000e+00	0.000000000000000000e+00	0.000000000000000000e+00
nan	0.000000000000000000e+00	0.000000000000000000e+00	0.000000000000000000e+00	0.000000000000000000e+00	0.000000000000000000e+00	0.000000000000000000e+00
nan	0.000000000000000000e+00	0.000000000000000000e+00	0.000000000000000000e+00	0.000000000000000000e+00	0.000000000000000000e+00	0.000000000000000000e+00
nan	5.080000000000000071e+00	5.079999999999999447e-03	nan	7.721628409216092781e-03	1.040016632112824302e-01	4.739323498180470981e-03
nan	2.191999999999999815e+01	2.191999999999999851e-02	nan	9.723314072460794572e-03	8.276607709210917485e-02	3.787392504543511673e-03
nan	6.567999999999999261e+01	6.568000000000000227e-02	nan	1.100065565134599431e-02	7.756352564457438814e-02	4.047382826197107666e-03
nan	1.602800000000000011e+02	1.602800000000000336e-01	nan	1.120570921899314946e-02	8.244538117235020169e-02	4.561265427235951589e-03
nan	3.343199999999999932e+02	3.343199999999999505e-01	nan	1.227865105825458152e-02	8.771549055191478483e-02	4.560457873666834590e-03
nan	6.343199999999999363e+02	6.343199999999999950e-01	nan	1.283329525433885010e-02	8.800726556928525901e-02	4.382602912392456924e-03
nan	1.044200000000000045e+03	1.044200000000000239e+00	nan	1.312427212715192547e-02	9.000409452535670929e-02	4.239092036933555900e-03
nan	1.577839999999999918e+03	1.577839999999999909e+00	nan	1.387033873484654067e-02	8.734764982002954370e-02	4.257702069209692158e-03
nan	2.193679999999999836e+03	2.193679999999999630e+00	nan	1.427584639371843808e-02	8.832547626819844955e-02	4.515019137171378746e-03
nan	2.666440000000000055e+03	2.666440000000000143e+00	nan	1.467864680950981514e-02	8.846580225393481378e-02	4.376987350466663221e-03
nan	3.225519999999999982e+03	3.225520000000000387e+00	nan	1.513505026895472713e-02	8.930303422075901165e-02	4.202181319250897565e-03
nan	3.824680000000000291e+03	3.824679999999999414e+00	nan	1.555919352790169873e-02	8.997688614773521887e-02	4.188040730264930636e-03
nan	4.403800000000000182e+03	4.403800000000000381e+00	nan	1.596230151560803362e-02	8.988161951201666111e-02	4.211838815475417094e-03
nan	4.955079999999999927e+03	4.955080000000000595e+00	nan	1.629735915196590598e-02	9.069243713414432140e-02	4.205738826849199016e-03
nan	5.395280000000000655e+03	5.395280000000000520e+00	nan	1.673353506534795004e-02	8.951635896332285625e-02	4.121157476567667566e-03
nan	5.862079999999999927e+03	5.862079999999999735e+00	nan	1.598123665587057249e-02	8.707570777106987681e-02	4.233256098601554350e-03
nan	6.280840000000000146e+03	6.280840000000000423e+00	nan	1.753431635856941145e-02	9.054109060881039561e-02	4.153981855531316963e-03
nan	6.664119999999999891e+03	6.664119999999999600e+00	nan	1.788423868847814971e-02	8.724652065026733405e-02	4.128459681832516784e-03
nan	6.847399999999999636e+03	6.847400000000000375e+00	nan	1.835030939366163322e-02	8.888337353772365890e-02	4.214815756838774172e-03
nan	7.033719999999999345e+03	7.033719999999997974e+00	nan	1.877437320685658093e-02	8.977333259396387544e-02	3.982019683738737340e-03
nan	7.191160000000000764e+03	7.191159999999999108e+00	nan	1.905744248269684166e-02	8.640830229355257741e-02	4.091197490012347948e-03
nan	7.339880000000000109e+03	7.339879999999999072e+00	nan	1.955509714105005403e-02	8.868012573112185604e-02	3.983192761920668901e-03
nan	7.338880000000000109e+03	7.338879999999998738e+00	nan	1.984439160515990078e-02	9.089404468292683337e-02	4.082010629318970699e-03
nan	7.339639999999999418e+03	7.339640000000000164e+00	nan	2.030004844818506654e-02	8.383863078071691899e-02	3.921108884903343715e-03
nan	7.346639999999999418e+03	7.346639999999998949e+00	nan	2.070263475026251979e-02	9.291857092755215208e-02	4.096719143138991513e-03
nan	7.299160000000000764e+03	7.299159999999998760e+00	nan	2.110785288703311696e-02	9.056362999696147831e-02	3.789051299102510432e-03
nan	7.262839999999999236e+03	7.262839999999999741e+00	nan	2.149620362816961200e-02	9.169659935726284794e-02	3.807859710570315939e-03
nan	7.222319999999999709e+03	7.222319999999998963e+00	nan	2.192703171495111181e-02	8.304850625935537856e-02	3.957757732499836076e-03
nan	7.146119999999999891e+03	7.146119999999998917e+00	nan	2.232578668040332420e-02	8.701395195121153225e-02	3.890269484835417926e-03
nan	7.102960000000000946e+03	7.102960000000000385e+00	nan	2.262608631289935932e-02	8.663420723351482333e-02	3.917754278306979747e-03
nan	7.020960000000000946e+03	7.020959999999999646e+00	nan	2.302359585954320484e-02	9.315771599176123074e-02	3.897235169617250562e-03
nan	7.010160000000000764e+03	7.010159999999999059e+00	nan	2.354406503449468085e-02	8.848034016386333023e-02	3.869240228563146193e-03
nan	6.969199999999999818e+03	6.969200000000000728e+00	nan	2.389610672386027063e-02	8.805709996710883725e-02	4.026767619288449188e-03
nan	6.982280000000000655e+03	6.982280000000000264e+00	nan	2.431209065067832867e-02	8.752754479505683860e-02	3.793737056787307212e-03
nan	6.970280000000000655e+03	6.970279999999999809e+00	nan	2.473126594502559825e-02	8.735304695652885976e-02	3.833795922020843874e-03
nan	6.931439999999999600e+03	6.931440000000000268e+00	nan	2.495886494825924617e-02	8.501952507905000123e-02	3.831059703345403127e-03
nan	6.934719999999999345e+03	6.934720000000000439e+00	nan	2.527469176387057634e-02	8.976276509894232092e-02	3.905470173801149116e-03
nan	6.920039999999999054e+03	6.920040000000000191e+00	nan	2.568115852507844507e-02	8.684860267205136986e-02	3.843103506937097825e-03
nan	6.919519999999999527e+03	6.919520000000000337e+00	nan	2.633844727585028453e-02	8.924830572510412952e-02	3.858467434424568774e-03
nan	6.937880000000000109e+03	6.937879999999999825e+00	nan	2.674675045467666060e-02	8.439158673529328913e-02	3.962445548824718514e-03
nan	6.907639999999999418e+03	6.907639999999998892e+00	nan	2.702111843403713284e-02	8.912721445924327857e-02	3.957624837439795325e-03
nan	6.907800000000000182e+03	6.907799999999999940e+00	nan	2.752697990774208986e-02	8.673672507799436160e-02	4.007954729308949374e-03
nan	6.933319999999999709e+03	6.933320000000000149e+00	nan	2.791786637297491436e-02	9.065484653815382432e-02	3.902369472990763026e-03
nan	6.936960000000000946e+03	6.936959999999999127e+00	nan	2.833842541095805273e-02	8.861053347629710419e-02	3.902042261676541644e-03
nan	6.936119999999999891e+03	6.936120000000000729e+00	nan	2.675163749022859208e-02	8.780727456466624892e-02	4.015523908784786149e-03
nan	6.886600000000000364e+03	6.886599999999999611e+00	nan	2.892667563210352816e-02	9.076513227824409280e-02	3.902938260659390233e-03
nan	6.863719999999999345e+03	6.863719999999998933e+00	nan	2.953814395713720911e-02	8.997928447946945685e-02	4.106708705888664074e-03
nan	6.826760000000000218e+03	6.826759999999998385e+00	nan	2.995080348066039844e-02	8.901439595428048412e-02	4.046323533669742185e-03
nan	6.767920000000000073e+03	6.767920000000001046e+00	nan	3.019825926019620993e-02	8.421031098885499444e-02	3.801410625778771542e-03
nan	6.716280000000000655e+03	6.716279999999999362e+00	nan	3.064152908940854722e-02	8.724964766296826324e-02	3.964217418921727083e-03
nan	6.685360000000000582e+03	6.685360000000000191e+00	nan	3.113263735367809495e-02	8.656968764205613676e-02	3.844153278384645524e-03
nan	6.649160000000000764e+03	6.649160000000000181e+00	nan	3.151409218468984724e-02	8.807468404244564453e-02	3.914624098837400298e-03
nan	0.000000000000000000e+00	0.000000000000000000e+00	0.000000000000000000e+00	0.000000000000000000e+00	0.000000000000000000e+00	0.000000000000000000e+00
nan	0.000000000000000000e+00	0.000000000000000000e+00	0.000000000000000000e+00	0.000000000000000000e+00	0.000000000000000000e+00	0.000000000000000000e+00
nan	0.000000000000000000e+00	0.000000000000000000e+00	0.000000000000000000e+00	0.000000000000000000e+00	0.000000000000000000e+00	0.000000000000000000e+00
nan	0.000000000000000000e+00	0.000000000000000000e+00	0.000000000000000000e+00	0.000000000000000000e+00	0.000000000000000000e+00	0.000000000000000000e+00
nan	0.000000000000000000e+00	0.000000000000000000e+00	0.000000000000000000e+00	0.000000000000000000e+00	0.000000000000000000e+00	0.000000000000000000e+00
nan	0.000000000000000000e+00	0.000000000000000000e+00	0.000000000000000000e+00	0.000000000000000000e+00	0.000000000000000000e+00	0.000000000000000000e+00
nan	0.000000000000000000e+00	0.000000000000000000e+00	0.000000000000000000e+00	0.000000000000000000e+00	0.000000000000000000e+00	0.000000000000000000e+00
nan	0.000000000000000000e+00	0.000000000000000000e+00	0.000000000000000000e+00	0.000000000000000000e+00	0.000000000000000000e+00	0.000000000000000000e+00
nan	5.679999999999999716e+00	5.679999999999999286e-03	nan	7.418821344363288675e-03	9.814892170198398491e-02	4.243760843902245894e-03
nan	2.275999999999999801e+01	2.276000000000000245e-02	nan	1.026345610838603692e-02	7.528441958358794706e-02	3.634981611376560291e-03
nan	6.752000000000001023e+01	6.751999999999999669e-02	nan	1.098724982438824271e-02	7.840126443679987234e-02	4.673494492967620109e-03
nan	1.685200000000000102e+02	1.685200000000000031e-01	nan	1.053938945751951850e-02	8.501070111514653915e-02	4.282947594953227799e-03
nan	3.510800000000000409e+02	3.510800000000000587e-01	nan	1.253344276678291201e-02	8.991226553824223366e-02	4.493364744320018506e-03
nan	6.575199999999999818e+02	6.575199999999999934e-01	nan	1.295386685404139281e-02	9.020892323982465655e-02	4.523634670230691594e-03
nan	1.077039999999999964e+03	1.077039999999999775e+00	nan	1.310144604334254927e-02	8.921487273612838109e-02	4.452156620708294307e-03
nan	1.638799999999999955e+03	1.638799999999999812e+00	nan	1.380621016872851138e-02	8.813437827132328262e-02	4.534713582118925224e-03
nan	2.253519999999999982e+03	2.253519999999999524e+00	nan	1.427864603800515012e-02	8.594530613620532389e-02	4.261474658153439204e-03
nan	2.775920000000000073e+03	2.775920000000000165e+00	nan	1.475507695673627419e-02	8.744424427601518723e-02	4.325155906869469075e-03
nan	3.348519999999999527e+03	3.348520000000000607e+00	nan	1.507676253824342949e-02	8.789621532936552073e-02	4.356881998619961845e-03
nan	3.935519999999999527e+03	3.935519999999999463e+00	nan	1.456034799788163622e-02	8.707638038293012694e-02	4.322761438419035936e-03
nan	4.573159999999999854e+03	4.573159999999999670e+00	nan	1.589968635088894258e-02	9.324191082999029601e-02	4.147433902619042725e-03
nan	5.082039999999999964e+03	5.082040000000000113e+00	nan	1.636144759025626172e-02	8.751335036988944216e-02	4.172312369369102214e-03
nan	5.575000000000000000e+03	5.575000000000000178e+00	nan	1.675029605503766672e-02	8.642918717059198952e-02	4.205311221633696410e-03
nan	6.045199999999999818e+03	6.045199999999999463e+00	nan	1.713022625651262898e-02	9.072185004381939921e-02	4.214517685944620638e-03
nan	6.499119999999999891e+03	6.499119999999999564e+00	nan	1.754520927734120120e-02	9.280654989255239518e-02	4.138174270390315712e-03
nan	6.865280000000000655e+03	6.865280000000000271e+00	nan	1.789849970916691096e-02	9.007685814068194796e-02	4.032692556752284080e-03
nan	7.068439999999999600e+03	7.068440000000000722e+00	nan	1.827793692663533601e-02	8.873628037503589194e-02	3.955088046492890100e-03
nan	7.288920000000000073e+03	7.288920000000000066e+00	nan	1.875263449682620237e-02	8.917424010571953219e-02	4.077145088171922789e-03
nan	7.459920000000000073e+03	7.459920000000001217e+00	nan	1.913336271700700336e-02	8.927527172370126884e-02	4.175391140211228563e-03
nan	7.588639999999999418e+03	7.588640000000000718e+00	nan	1.953737973756119323e-02	8.922453547815889507e-02	4.001550170176406372e-03
nan	7.584880000000000109e+03	7.584880000000000955e+00	nan	1.988600286337430245e-02	9.185922016120506850e-02	3.830650492780195236e-03
nan	7.588319999999999709e+03	7.588319999999998622e+00	nan	2.034643671448691307e-02	9.033270780156740787e-02	3.999140566777377621e-03
nan	7.555439999999999600e+03	7.555440000000001710e+00	nan	2.063692287866104175e-02	9.310817983886003624e-02	3.817370154047563385e-03
nan	7.528160000000000764e+03	7.528159999999999741e+00	nan	2.111495671632269283e-02	8.940337091753780552e-02	3.794550693208905041e-03
nan	7.504880000000000109e+03	7.504879999999999995e+00	nan	2.153287495129916490e-02	8.869268244543096480e-02	3.913938300790507571e-03
nan	7.460360000000000582e+03	7.460359999999999658e+00	nan	2.195388774809657606e-02	8.679690796175509870e-02	3.919313195985303297e-03
nan	7.390399999999999636e+03	7.390399999999999636e+00	nan	2.230011291888672406e-02	9.414120818215541975e-02	3.844140143594962974e-03
nan	7.315839999999999236e+03	7.315839999999999677e+00	nan	2.264935144841444953e-02	8.553870745011170340e-02	3.785565404703774249e-03
nan	7.273079999999999927e+03	7.273080000000000211e+00	nan	2.315012954097880882e-02	8.806314609949975059e-02	3.840767847608166086e-03
nan	7.210079999999999927e+03	7.210080000000000489e+00	nan	2.356400889730025233e-02	8.931171965154810488e-02	3.883073657596689682e-03
nan	7.218800000000000182e+03	7.218799999999999883e+00	nan	2.386746894343843781e-02	8.536521742992916884e-02	3.966843027672339525e-03
nan	7.181319999999999709e+03	7.181320000000001258e+00	nan	2.437328067147063668e-02	9.065324153405870944e-02	3.831299141309809590e-03
nan	7.193079999999999927e+03	7.193080000000000140e+00	nan	2.472015184731276433e-02	8.752812023809951325e-02	3.955993330755838179e-03
nan	7.138319999999999709e+03	7.138319999999998444e+00	nan	2.499555679654918289e-02	9.218007381721037008e-02	3.857196210372677847e-03
nan	7.159319999999999709e+03	7.159319999999999240e+00	nan	2.547335876647821573e-02	8.745990774038243931e-02	3.818141885142338487e-03
nan	7.145719999999999345e+03	7.145719999999999850e+00	nan	2.571619049795231121e-02	9.017353030974135930e-02	3.886533469601474201e-03
nan	7.152880000000000109e+03	7.152880000000000571e+00	nan	2.628110801195589555e-02	9.184074106577319596e-02	3.872019621303337319e-03
nan	7.141680000000000291e+03	7.141679999999999140e+00	nan	2.643002289922605913e-02	9.104309086379294702e-02	3.914006792393287526e-03
nan	7.113839999999999236e+03	7.113840000000000607e+00	nan	2.539269684401480529e-02	8.909468825886486532e-02	3.941692095904692286e-03
nan	7.107639999999999418e+03	7.107640000000000846e+00	nan	2.752762314832466611e-02	8.731406663430363313e-02	3.918511272081417682e-03
nan	7.154399999999999636e+03	7.154399999999999871e+00	nan	2.781346762676207771e-02	8.811180265052939720e-02	3.937391259899776334e-03
nan	7.162719999999999345e+03	7.162720000000000198e+00	nan	2.827486183191922284e-02	8.536287216629327712e-02	3.883486193621195261e-03
nan	7.138880000000000109e+03	7.138879999999998560e+00	nan	2.850740415158498076e-02	8.698045712484543668e-02	3.908096688270390126e-03
nan	7.090920000000000073e+03	7.090919999999999668e+00	nan	2.914265483978851698e-02	9.287596218786578484e-02	3.740654388458324042e-03
nan	7.080079999999999927e+03	7.080080000000000595e+00	nan	2.921810226077809630e-02	9.059657603343047871e-02	3.866935030614335883e-03
nan	7.016199999999999818e+03	7.016199999999999548e+00	nan	2.993818954763696749e-02	8.923593774469938678e-02	3.994553711982149966e-03
nan	7.013399999999999636e+03	7.013399999999999856e+00	nan	3.033827985733296081e-02	9.072494232516445378e-02	3.805795814378605622e-03
nan	6.945839999999999236e+03	6.945840000000001346e+00	nan	3.069062468976653871e-02	8.737823735143755710e-02	3.999395013347957495e-03
nan	6.894239999999999782e+03	6.894239999999999036e+00	nan	3.096948427564484227e-02	8.895117126716504952e-02	3.931306350490473313e-03
nan	6.871160000000000764e+03	6.871160000000000601e+00	nan	3.148821416493774450e-02	8.679622830717637072e-02	3.824131998390178835e-03
