# SourcePhotonFlux	NumberRaysSurvived	PercentageRaysSurvived	PhotonFlux	Bandwidth	HorizontalFocusFWHM	VerticalFocusFWHM
nan	0.000000000000000000e+00	0.000000000000000000e+00	0.000000000000000000e+00	0.000000000000000000e+00	0.000000000000000000e+00	0.000000000000000000e+00
nan	0.000000000000000000e+00	0.000000000000000000e+00	0.000000000000000000e+00	0.000000000000000000e+00	0.000000000000000000e+00	0.000000000000000000e+00
nan	0.000000000000000000e+00	0.000000000000000000e+00	0.000000000000000000e+00	0.000000000000000000e+00	0.000000000000000000e+00	0.000000000000000000e+00
nan	0.000000000000000000e+00	0.000000000000000000e+00	0.000000000000000000e+00	0.000000000000000000e+00	0.000000000000000000e+00	0.000000000000000000e+00
nan	0.000000000000000000e+00	0.000000000000000000e+00	0.000000000000000000e+00	0.000000000000000000e+00	0.000000000000000000e+00	0.000000000000000000e+00
nan	0.000000000000000000e+00	0.000000000000000000e+00	0.000000000000000000e+00	0.000000000000000000e+00	0.000000000000000000e+00	0.000000000000000000e+00
nan	0.000000000000000000e+00	0.000000000000000000e+00	0.000000000000000000e+00	0.000000000000000000e+00	0.000000000000000000e+00	0.000000000000000000e+00
nan	0.000000000000000000e+00	0.000000000000000000e+00	0.000000000000000000e+00	0.000000000000000000e+00	0.000000000000000000e+00	0.000000000000000000e+00
nan	nan	nan	nan	nan	nan	nan
nan	nan	nan	nan	nan	nan	nan
nan	4.000000000000000000e+00	3.999999999999999216e-03	nan	3.831724335733894399e-02	3.523807717789783078e-01	1.600930531369061313e-02
nan	1.540000000000000036e+01	1.540000000000000049e-02	nan	4.141517764111871808e-02	4.466345108614687698e-01	1.809469564115284701e-02
nan	3.100000000000000000e+01	3.099999999999999978e-02	nan	4.201837624418802708e-02	4.792323436715421048e-01	1.764927857210368128e-02
nan	5.220000000000000284e+01	5.220000000000000334e-02	nan	4.551196635180169980e-02	4.585426828222082252e-01	1.949852565704401908e-02
nan	7.659999999999999432e+01	7.660000000000000142e-02	nan	4.608179518716791490e-02	4.681600064127589000e-01	1.791794506478775958e-02
nan	1.368000000000000114e+02	1.368000000000000049e-01	nan	4.228951326647632097e-02	3.994883284524751721e-01	2.077301358021905672e-02
nan	1.914000000000000057e+02	1.913999999999999591e-01	nan	5.968273230106717342e-02	3.864147348818717798e-01	2.047783669935636722e-02
nan	2.495999999999999943e+02	2.495999999999999885e-01	nan	6.319867815816734846e-02	3.762912253175995647e-01	1.867983685594776233e-02
nan	2.936000000000000227e+02	2.935999999999999721e-01	nan	6.972070579821879055e-02	4.488394398107932171e-01	2.008721507959929792e-02
nan	3.396000000000000227e+02	3.395999999999999575e-01	nan	7.099497027788856385e-02	3.819254218628098663e-01	1.982312208667860037e-02
nan	4.041999999999999886e+02	4.042000000000000037e-01	nan	7.323553746857384972e-02	4.417506534718250721e-01	1.996303941030319606e-02
nan	4.600000000000000000e+02	4.599999999999999645e-01	nan	7.385731745796135506e-02	3.825037320407785879e-01	1.926540568045300578e-02
nan	5.200000000000000000e+02	5.200000000000000178e-01	nan	6.787429417310875124e-02	3.893180565042014818e-01	1.945034297755103905e-02
nan	5.803999999999999773e+02	5.804000000000000270e-01	nan	7.274101715457277628e-02	4.068858068641058034e-01	1.928365058871124235e-02
nan	6.367999999999999545e+02	6.368000000000000327e-01	nan	8.276006631548682435e-02	4.217642076712465604e-01	1.893691172805880146e-02
nan	7.146000000000000227e+02	7.146000000000000130e-01	nan	7.436682752473018632e-02	4.208000312098533757e-01	1.835777326092449119e-02
nan	7.450000000000000000e+02	7.450000000000001066e-01	nan	8.526660929114485143e-02	4.246113593018381316e-01	1.848562299409311008e-02
nan	8.056000000000000227e+02	8.056000000000000938e-01	nan	8.409905804626517656e-02	4.325019800808233006e-01	1.815614301904924094e-02
nan	8.503999999999999773e+02	8.503999999999999337e-01	nan	8.039534940350848147e-02	3.926094679726458980e-01	1.745738972529031763e-02
nan	9.230000000000000000e+02	9.230000000000000426e-01	nan	8.961938562732711666e-02	4.164803113631313503e-01	1.812435868145725187e-02
nan	9.326000000000000227e+02	9.326000000000000956e-01	nan	9.255551339269914302e-02	4.149700979893116148e-01	1.850204337533519275e-02
nan	9.962000000000000455e+02	9.961999999999999744e-01	nan	9.225828623892766422e-02	4.441785624134131361e-01	1.670555483768846466e-02
nan	9.633999999999999773e+02	9.634000000000000341e-01	nan	9.655765786866651879e-02	4.185925413415397256e-01	1.765816775907964528e-02
nan	1.032200000000000045e+03	1.032200000000000006e+00	nan	9.870257957007880223e-02	4.196737066839647534e-01	1.734801079313159564e-02
nan	1.060400000000000091e+03	1.060400000000000009e+00	nan	9.961297630197521458e-02	4.173836558859592150e-01	1.725474849234043262e-02
nan	1.056599999999999909e+03	1.056600000000000206e+00	nan	1.073394435630063981e-01	4.597612116159838225e-01	1.627823296181927365e-02
nan	1.079799999999999955e+03	1.079799999999999871e+00	nan	1.045350944032946983e-01	4.119759063812543642e-01	1.663682823408505623e-02
nan	1.072599999999999909e+03	1.072599999999999998e+00	nan	1.003814017795434665e-01	4.270584551823340402e-01	1.656829395890495674e-02
nan	1.066599999999999909e+03	1.066599999999999770e+00	nan	1.020558282302374692e-01	4.425697099977505822e-01	1.611148783123867931e-02
nan	1.036000000000000000e+03	1.036000000000000032e+00	nan	1.113873816222877566e-01	4.353058107988498904e-01	1.532558611624112999e-02
nan	1.039200000000000045e+03	1.039199999999999902e+00	nan	1.119614858981691496e-01	4.126840064407315545e-01	1.598072209164929161e-02
nan	1.011200000000000045e+03	1.011199999999999877e+00	nan	1.169113530421981295e-01	4.566785818381561834e-01	1.440990169989229096e-02
nan	9.773999999999999773e+02	9.774000000000000465e-01	nan	1.166136421041272797e-01	4.231542510249782785e-01	1.522426239038656738e-02
nan	9.662000000000000455e+02	9.661999999999999478e-01	nan	1.197472591583533530e-01	4.330738096325705833e-01	1.525297389867485975e-02
nan	9.380000000000000000e+02	9.379999999999999449e-01	nan	1.121793369819414493e-01	4.180919529695367176e-01	1.529078629256197530e-02
nan	9.236000000000000227e+02	9.236000000000000876e-01	nan	1.240570258357820421e-01	4.383413936194268112e-01	1.424919555321348986e-02
nan	8.677999999999999545e+02	8.678000000000001268e-01	nan	1.176890826250030359e-01	3.819663793890561432e-01	1.500880433168241303e-02
nan	8.587999999999999545e+02	8.588000000000001188e-01	nan	1.234439309813979008e-01	4.382574824920955625e-01	1.454803314099422165e-02
nan	8.090000000000000000e+02	8.089999999999999414e-01	nan	1.215065860788683977e-01	3.939092985965956806e-01	1.439581452314353527e-02
nan	7.582000000000000455e+02	7.582000000000000961e-01	nan	1.157708014827562720e-01	4.507981019190073768e-01	1.455225182873203307e-02
nan	7.182000000000000455e+02	7.181999999999999496e-01	nan	1.241726306711427724e-01	4.084849622391429347e-01	1.372854826010723103e-02
nan	7.493999999999999773e+02	7.494000000000000661e-01	nan	1.337495687685588963e-01	4.118357643301878146e-01	1.425059958504260038e-02
nan	7.282000000000000455e+02	7.281999999999999584e-01	nan	1.326171138479821932e-01	4.159956070718527354e-01	1.382456347329359334e-02
nan	6.963999999999999773e+02	6.963999999999999080e-01	nan	1.286322141213190606e-01	4.009078377259868153e-01	1.427019278575407737e-02
nan	6.892000000000000455e+02	6.891999999999999238e-01	nan	1.318291208850212171e-01	3.696702658781748640e-01	1.389904951484979313e-02
nan	6.697999999999999545e+02	6.698000000000000620e-01	nan	1.422825895167477428e-01	4.110078320283611086e-01	1.250416317600358020e-02
nan	6.847999999999999545e+02	6.847999999999999643e-01	nan	1.329408337119787065e-01	3.996286206326358781e-01	1.341872486139816800e-02
nan	6.597999999999999545e+02	6.597999999999999421e-01	nan	1.416285382949695193e-01	4.314767131480053974e-01	1.331357046586134629e-02
nan	6.546000000000000227e+02	6.545999999999999597e-01	nan	1.386110813638595229e-01	4.225567593008274225e-01	1.328105494739126834e-02
nan	6.483999999999999773e+02	6.483999999999999764e-01	nan	1.244317061018250514e-01	3.992045974381960294e-01	1.207787653627629895e-02
nan	0.000000000000000000e+00	0.000000000000000000e+00	0.000000000000000000e+00	0.000000000000000000e+00	0.000000000000000000e+00	0.000000000000000000e+00
nan	0.000000000000000000e+00	0.000000000000000000e+00	0.000000000000000000e+00	0.000000000000000000e+00	0.000000000000000000e+00	0.000000000000000000e+00
nan	0.000000000000000000e+00	0.000000000000000000e+00	0.000000000000000000e+00	0.000000000000000000e+00	0.000000000000000000e+00	0.000000000000000000e+00
nan	0.000000000000000000e+00	0.000000000000000000e+00	0.000000000000000000e+00	0.000000000000000000e+00	0.000000000000000000e+00	0.000000000000000000e+00
nan	0.000000000000000000e+00	0.000000000000000000e+00	0.000000000000000000e+00	0.000000000000000000e+00	0.000000000000000000e+00	0.000000000000000000e+00
nan	0.000000000000000000e+00	0.000000000000000000e+00	0.000000000000000000e+00	0.000000000000000000e+00	0.000000000000000000e+00	0.000000000000000000e+00
nan	0.000000000000000000e+00	0.000000000000000000e+00	0.000000000000000000e+00	0.000000000000000000e+00	0.000000000000000000e+00	0.000000000000000000e+00
nan	0.000000000000000000e+00	0.000000000000000000e+00	0.000000000000000000e+00	0.000000000000000000e+00	0.000000000000000000e+00	0.000000000000000000e+00
nan	nan	nan	nan	nan	nan	nan
nan	5.200000000000000178e+00	5.199999999999999761e-03	nan	2.677926307648482301e-02	3.984464843236708020e-01	1.580505148355016917e-02
nan	1.860000000000000142e+01	1.859999999999999848e-02	nan	4.099069179026054721e-02	4.146750718085233101e-01	1.882884134478684038e-02
nan	5.439999999999999858e+01	5.440000000000000391e-02	nan	4.210517273292940787e-02	5.209148780776173826e-01	1.869762361070459455e-02
nan	1.102000000000000028e+02	1.102000000000000063e-01	nan	5.016987704372297824e-02	3.686061613289127736e-01	1.869618753789623750e-02
nan	2.184000000000000057e+02	2.184000000000000108e-01	nan	5.982036000534662890e-02	3.851515885807159645e-01	1.908691161302868838e-02
nan	3.643999999999999773e+02	3.644000000000000017e-01	nan	5.696568522996869888e-02	4.903111419204322918e-01	2.190906839536950132e-02
nan	5.896000000000000227e+02	5.896000000000001240e-01	nan	6.222684021641100571e-02	3.917311073813167233e-01	1.790681648883598459e-02
nan	7.916000000000000227e+02	7.916000000000000814e-01	nan	6.394251619945805210e-02	4.291492267567761365e-01	2.061285309215765693e-02
nan	9.827999999999999545e+02	9.827999999999998959e-01	nan	7.132951162193137962e-02	4.061853007149145434e-01	1.997663451781122104e-02
nan	1.205400000000000091e+03	1.205400000000000249e+00	nan	7.215490873490182366e-02	4.154135766646531169e-01	2.076996187420600964e-02
nan	1.467799999999999955e+03	1.467799999999999994e+00	nan	7.623068434468507903e-02	4.126577138701627012e-01	1.807088960836527106e-02
nan	1.742200000000000045e+03	1.742199999999999971e+00	nan	7.809881945263441594e-02	4.719129091103716478e-01	1.982291985730224443e-02
nan	1.979799999999999955e+03	1.979799999999999782e+00	nan	7.867862222211101375e-02	4.350924203211611885e-01	2.009082166258302493e-02
nan	2.158800000000000182e+03	2.158800000000000274e+00	nan	8.284815153004387867e-02	4.416146333216067754e-01	1.973424345716452352e-02
nan	2.408599999999999909e+03	2.408599999999999852e+00	nan	8.408277513471204556e-02	4.447833777249293741e-01	1.804052273512297619e-02
nan	2.734800000000000182e+03	2.734799999999999898e+00	nan	8.363400677669688421e-02	4.282384769693861060e-01	1.813715337072752121e-02
nan	2.975199999999999818e+03	2.975200000000000067e+00	nan	8.690936745295232968e-02	4.223669822711585420e-01	1.807716558407479468e-02
nan	3.154400000000000091e+03	3.154399999999999871e+00	nan	9.016194413281652942e-02	4.373695448030022748e-01	1.736845341690020778e-02
nan	3.389400000000000091e+03	3.389399999999999746e+00	nan	9.175278460763820754e-02	4.258352325798129279e-01	1.853287939673426907e-02
nan	3.633000000000000000e+03	3.633000000000000007e+00	nan	8.887287575774109605e-02	4.339277424515551873e-01	1.780791026912662695e-02
nan	3.814800000000000182e+03	3.814799999999999525e+00	nan	9.359254445211888374e-02	4.473518582174899616e-01	1.704533268351666672e-02
nan	3.958199999999999818e+03	3.958200000000000163e+00	nan	9.694833213634126978e-02	4.624221903911749365e-01	1.854068782865125192e-02
nan	4.101399999999999636e+03	4.101399999999999935e+00	nan	1.008792760770916147e-01	4.577723440822693557e-01	1.804456405360278445e-02
nan	4.191199999999999818e+03	4.191200000000000259e+00	nan	1.030308644384888284e-01	4.493172254384535935e-01	1.828278655810065129e-02
nan	4.301199999999999818e+03	4.301199999999999690e+00	nan	1.035678567937168282e-01	4.287616895502499581e-01	1.734618958516498388e-02
nan	4.457600000000000364e+03	4.457600000000000229e+00	nan	1.033928999866446929e-01	4.393606988736236119e-01	1.678631426944559094e-02
nan	4.546600000000000364e+03	4.546599999999999753e+00	nan	1.077522079070661193e-01	4.542437956892327877e-01	1.780701054512960971e-02
nan	4.501600000000000364e+03	4.501599999999999824e+00	nan	1.099383821945878054e-01	4.454738471152534518e-01	1.674809142627680172e-02
nan	4.473000000000000000e+03	4.473000000000000753e+00	nan	1.104006730953670939e-01	4.242036881074612853e-01	1.615816551739390761e-02
nan	4.460800000000000182e+03	4.460799999999999876e+00	nan	1.149047152444040848e-01	4.575073690046031483e-01	1.732071109029247394e-02
nan	4.415800000000000182e+03	4.415799999999999059e+00	nan	1.173655353772460330e-01	4.361435477666349980e-01	1.658718594750592176e-02
nan	4.390399999999999636e+03	4.390399999999999636e+00	nan	1.170169275249691027e-01	4.348537971505382904e-01	1.534337808373171727e-02
nan	4.293000000000000000e+03	4.293000000000000149e+00	nan	1.204943447905975490e-01	4.336342542572175773e-01	1.600631863007713138e-02
nan	4.238199999999999818e+03	4.238199999999999967e+00	nan	1.226965936556922571e-01	4.496561445675159585e-01	1.603525430783498892e-02
nan	4.112000000000000000e+03	4.112000000000000099e+00	nan	1.200597765290893904e-01	4.618560040648537202e-01	1.684313792290375103e-02
nan	3.972800000000000182e+03	3.972800000000000331e+00	nan	1.268898736735621924e-01	4.325965252682702489e-01	1.590457816879364827e-02
nan	3.905199999999999818e+03	3.905199999999999783e+00	nan	1.265819075961815143e-01	4.611773666187932719e-01	1.497220362513971247e-02
nan	3.757199999999999818e+03	3.757200000000000095e+00	nan	1.295778864570365785e-01	4.398252191969311831e-01	1.530125986976766869e-02
nan	3.530800000000000182e+03	3.530800000000000161e+00	nan	1.310987799050735703e-01	4.511404050973518709e-01	1.535828377968773140e-02
nan	3.342599999999999909e+03	3.342600000000000016e+00	nan	1.342615537039989759e-01	4.372529171878197785e-01	1.598314992418679165e-02
nan	3.205599999999999909e+03	3.205599999999999561e+00	nan	1.353515575387575498e-01	4.570430890569105453e-01	1.486881532092461031e-02
nan	3.133800000000000182e+03	3.133799999999999919e+00	nan	1.350735512962955853e-01	4.368692330428090576e-01	1.545504113282447634e-02
nan	3.068599999999999909e+03	3.068599999999999994e+00	nan	1.332527412473552830e-01	4.678200391766248467e-01	1.540111480301469341e-02
nan	2.947800000000000182e+03	2.947800000000000420e+00	nan	1.348292316251502032e-01	4.127427804669300260e-01	1.474902467117828950e-02
nan	2.946000000000000000e+03	2.946000000000000174e+00	nan	1.429193218871034898e-01	4.307489019743229730e-01	1.455715225181304293e-02
nan	2.888800000000000182e+03	2.888800000000000257e+00	nan	1.425760366354211217e-01	4.248716900256776507e-01	1.425193402653004461e-02
nan	2.852199999999999818e+03	2.852199999999999847e+00	nan	1.475593573263608849e-01	4.744944945548102422e-01	1.448155278916001334e-02
nan	2.802400000000000091e+03	2.802399999999999558e+00	nan	1.486997629672202892e-01	4.725898843719737452e-01	1.457588903479880606e-02
nan	2.805400000000000091e+03	2.805400000000000116e+00	nan	1.487227474295082230e-01	4.367055721179037286e-01	1.440741782084202852e-02
nan	2.798400000000000091e+03	2.798399999999999999e+00	nan	1.532024672475472415e-01	4.479583592454444707e-01	1.521734900945457235e-02
nan	2.812800000000000182e+03	2.812800000000000189e+00	nan	1.545319389122255527e-01	4.184077188457203667e-01	1.468795459300089624e-02
nan	0.000000000000000000e+00	0.000000000000000000e+00	0.000000000000000000e+00	0.000000000000000000e+00	0.000000000000000000e+00	0.000000000000000000e+00
nan	0.000000000000000000e+00	0.000000000000000000e+00	0.000000000000000000e+00	0.000000000000000000e+00	0.000000000000000000e+00	0.000000000000000000e+00
nan	0.000000000000000000e+00	0.000000000000000000e+00	0.000000000000000000e+00	0.000000000000000000e+00	0.000000000000000000e+00	0.000000000000000000e+00
nan	0.000000000000000000e+00	0.000000000000000000e+00	0.000000000000000000e+00	0.000000000000000000e+00	0.000000000000000000e+00	0.000000000000000000e+00
nan	0.000000000000000000e+00	0.000000000000000000e+00	0.000000000000000000e+00	0.000000000000000000e+00	0.000000000000000000e+00	0.000000000000000000e+00
nan	0.000000000000000000e+00	0.000000000000000000e+00	0.000000000000000000e+00	0.000000000000000000e+00	0.000000000000000000e+00	0.000000000000000000e+00
nan	0.000000000000000000e+00	0.000000000000000000e+00	0.000000000000000000e+00	0.000000000000000000e+00	0.000000000000000000e+00	0.000000000000000000e+00
nan	0.000000000000000000e+00	0.000000000000000000e+00	0.000000000000000000e+00	0.000000000000000000e+00	0.000000000000000000e+00	0.000000000000000000e+00
nan	nan	nan	nan	nan	nan	nan
nan	6.599999999999999645e+00	6.599999999999999964e-03	nan	4.623753783943308771e-02	3.886214660958710043e-01	2.313518471850001951e-02
nan	2.880000000000000071e+01	2.880000000000000268e-02	nan	4.052757751036209499e-02	5.112183278889814719e-01	2.063363051447448387e-02
nan	6.600000000000000000e+01	6.600000000000000311e-02	nan	4.124104608142235145e-02	5.006636906131239906e-01	2.034104191885764690e-02
nan	1.578000000000000114e+02	1.577999999999999958e-01	nan	4.239695752201981527e-02	3.831824858754777630e-01	1.781207287237265152e-02
nan	2.843999999999999773e+02	2.844000000000000417e-01	nan	5.423371349685623954e-02	4.064613879910162764e-01	1.817367731038359649e-02
nan	4.846000000000000227e+02	4.846000000000000307e-01	nan	6.567945757441577548e-02	4.817309274843060152e-01	2.223137612986682971e-02
nan	7.602000000000000455e+02	7.601999999999999869e-01	nan	6.846011405862953425e-02	3.745229392373808919e-01	2.133149916027008569e-02
nan	1.068200000000000045e+03	1.068200000000000038e+00	nan	6.617661760483599387e-02	4.715358330008166954e-01	2.167415643764823013e-02
nan	1.385400000000000091e+03	1.385400000000000187e+00	nan	7.118220178798821685e-02	4.337319041568652445e-01	2.109211642822668084e-02
nan	1.653599999999999909e+03	1.653600000000000181e+00	nan	7.236824140936448657e-02	4.374396310548295252e-01	2.095163735917964301e-02
nan	1.983599999999999909e+03	1.983599999999999808e+00	nan	7.634310559530206597e-02	4.321950286707106903e-01	1.966272589085349409e-02
nan	2.367400000000000091e+03	2.367399999999999949e+00	nan	7.722111754119964644e-02	4.525959591910015400e-01	1.893948462914050307e-02
nan	2.646400000000000091e+03	2.646399999999999864e+00	nan	7.862303844731570457e-02	4.399675922265394723e-01	2.037432502088787345e-02
nan	2.997800000000000182e+03	2.997800000000000242e+00	nan	8.201638680156123073e-02	4.091073285716207986e-01	1.942895837957720959e-02
nan	3.294599999999999909e+03	3.294599999999999973e+00	nan	8.337148796067879453e-02	4.450264583532513862e-01	2.021836049412355577e-02
nan	3.623599999999999909e+03	3.623599999999999710e+00	nan	8.627661327700479610e-02	4.487059269719167465e-01	2.033867910530728906e-02
nan	4.010800000000000182e+03	4.010800000000000587e+00	nan	8.814529531855726241e-02	4.402436181776384072e-01	2.072608102876669772e-02
nan	4.275800000000000182e+03	4.275800000000000267e+00	nan	9.074659787156350021e-02	4.353953493934297758e-01	1.867470931597385933e-02
nan	4.593199999999999818e+03	4.593200000000000394e+00	nan	9.172771622713753181e-02	4.565610490445150549e-01	1.971400788362451945e-02
nan	4.838199999999999818e+03	4.838199999999999612e+00	nan	9.479482956554648176e-02	4.416508402784330434e-01	1.906631369157922931e-02
nan	5.170000000000000000e+03	5.169999999999999929e+00	nan	9.708632861537011549e-02	4.202650203969467979e-01	1.939182123486251491e-02
nan	5.373600000000000364e+03	5.373600000000000598e+00	nan	9.764576181948995959e-02	4.519839596435165641e-01	1.950464685405581267e-02
nan	5.580000000000000000e+03	5.580000000000000959e+00	nan	9.981359787800556105e-02	4.461987138879007775e-01	1.889394020422275819e-02
nan	5.699600000000000364e+03	5.699600000000000222e+00	nan	9.995277840940275382e-02	4.587848671192826799e-01	1.952187625632837570e-02
nan	5.903399999999999636e+03	5.903399999999999537e+00	nan	1.013215687905358181e-01	4.462411688584698166e-01	1.891244195221713012e-02
nan	5.989000000000000000e+03	5.988999999999999879e+00	nan	1.056318847137958927e-01	4.515382964467670734e-01	2.005817183506439921e-02
nan	6.041000000000000000e+03	6.040999999999999481e+00	nan	1.088389829902695338e-01	4.508126396115133550e-01	1.993212262109351693e-02
nan	6.101600000000000364e+03	6.101599999999999469e+00	nan	1.105089171385998242e-01	4.498838277847464484e-01	1.980989290694008462e-02
nan	6.114000000000000000e+03	6.113999999999998991e+00	nan	1.129579855480130901e-01	4.509477576453863046e-01	1.976372728646103027e-02
nan	6.044600000000000364e+03	6.044599999999999973e+00	nan	1.120592551920395891e-01	4.482821167580546273e-01	1.989594950723230088e-02
nan	5.983000000000000000e+03	5.982999999999999652e+00	nan	1.166036136114712435e-01	4.432360894960308828e-01	1.940315210704639595e-02
nan	5.917199999999999818e+03	5.917200000000000237e+00	nan	1.176321395932404812e-01	4.592504161712961386e-01	1.921833809303636828e-02
nan	5.855800000000000182e+03	5.855800000000000338e+00	nan	1.165639316495315769e-01	4.550874434349556630e-01	1.945434594096449171e-02
nan	5.736199999999999818e+03	5.736199999999999299e+00	nan	1.226600489647211162e-01	4.487067792567815405e-01	1.894791486525147090e-02
nan	5.571800000000000182e+03	5.571800000000000530e+00	nan	1.189996040528370769e-01	4.619741829498803520e-01	1.960044532253189115e-02
nan	5.400000000000000000e+03	5.399999999999999467e+00	nan	1.231017528786424037e-01	4.381841192266368590e-01	1.909768659103594501e-02
nan	5.222199999999999818e+03	5.222199999999999953e+00	nan	1.271884155794225646e-01	4.378029541764750787e-01	1.971443755086479260e-02
nan	5.058199999999999818e+03	5.058200000000001140e+00	nan	1.309010959374063421e-01	4.182443847414605287e-01	1.919449840309983557e-02
nan	4.773399999999999636e+03	4.773399999999999643e+00	nan	1.308844685995438906e-01	4.437993228485251906e-01	1.889421040428001033e-02
nan	4.548399999999999636e+03	4.548399999999999999e+00	nan	1.346877884996729446e-01	4.217854658826112879e-01	1.871495009870134327e-02
nan	4.446600000000000364e+03	4.446599999999999220e+00	nan	1.355333836038710160e-01	4.340108728795689652e-01	1.812764682238370353e-02
nan	4.242399999999999636e+03	4.242400000000000837e+00	nan	1.382462114254053576e-01	4.393103382619628627e-01	1.916616761587608408e-02
nan	4.139399999999999636e+03	4.139400000000000190e+00	nan	1.380700731463036790e-01	4.133726714239218114e-01	1.930298340981888641e-02
nan	4.011599999999999909e+03	4.011599999999999611e+00	nan	1.426542970061234483e-01	4.246606862552707584e-01	1.953930907912813236e-02
nan	3.926800000000000182e+03	3.926800000000000068e+00	nan	1.439819247987827455e-01	4.610127831818845445e-01	1.889855651889717908e-02
nan	3.933000000000000000e+03	3.933000000000000718e+00	nan	1.435060637062406386e-01	4.481677665736011340e-01	1.935455010049906902e-02
nan	3.912800000000000182e+03	3.912799999999999834e+00	nan	1.477445667023914722e-01	4.412244494379846671e-01	1.994650496161955860e-02
nan	3.822800000000000182e+03	3.822799999999999976e+00	nan	1.459830202883836137e-01	4.601754185149629639e-01	1.900114974987854310e-02
nan	3.778800000000000182e+03	3.778799999999999493e+00	nan	1.403166811805078851e-01	4.223915274597621061e-01	1.900837606350496214e-02
nan	3.840599999999999909e+03	3.840600000000000680e+00	nan	1.543172056720948093e-01	4.361663225733852789e-01	1.946695757163734511e-02
nan	3.780400000000000091e+03	3.780400000000000205e+00	nan	1.562803164301499181e-01	4.580398329148002712e-01	1.995886151588361843e-02
nan	0.000000000000000000e+00	0.000000000000000000e+00	0.000000000000000000e+00	0.000000000000000000e+00	0.000000000000000000e+00	0.000000000000000000e+00
nan	0.000000000000000000e+00	0.000000000000000000e+00	0.000000000000000000e+00	0.000000000000000000e+00	0.000000000000000000e+00	0.000000000000000000e+00
nan	0.000000000000000000e+00	0.000000000000000000e+00	0.000000000000000000e+00	0.000000000000000000e+00	0.000000000000000000e+00	0.000000000000000000e+00
nan	0.000000000000000000e+00	0.000000000000000000e+00	0.000000000000000000e+00	0.000000000000000000e+00	0.000000000000000000e+00	0.000000000000000000e+00
nan	0.000000000000000000e+00	0.000000000000000000e+00	0.000000000000000000e+00	0.000000000000000000e+00	0.000000000000000000e+00	0.000000000000000000e+00
nan	0.000000000000000000e+00	0.000000000000000000e+00	0.000000000000000000e+00	0.000000000000000000e+00	0.000000000000000000e+00	0.000000000000000000e+00
nan	0.000000000000000000e+00	0.000000000000000000e+00	0.000000000000000000e+00	0.000000000000000000e+00	0.000000000000000000e+00	0.000000000000000000e+00
nan	0.000000000000000000e+00	0.000000000000000000e+00	0.000000000000000000e+00	0.000000000000000000e+00	0.000000000000000000e+00	0.000000000000000000e+00
nan	nan	nan	nan	nan	nan	nan
nan	7.799999999999999822e+00	7.799999999999999642e-03	nan	3.511733011211262689e-02	3.574565950896999578e-01	1.683489707262445650e-02
nan	2.980000000000000071e+01	2.980000000000000357e-02	nan	4.106500600132004242e-02	4.851724923697514069e-01	2.093370252125458658e-02
nan	7.159999999999999432e+01	7.159999999999999698e-02	nan	4.168145943027894151e-02	4.957105866149761897e-01	2.113637841123388456e-02
nan	1.604000000000000057e+02	1.604000000000000148e-01	nan	5.802506689960011677e-02	3.007045688961601515e-01	2.195629930481928296e-02
nan	2.998000000000000114e+02	2.997999999999999554e-01	nan	5.850438011099754615e-02	3.760594859066344053e-01	2.020686561129707640e-02
nan	5.200000000000000000e+02	5.199999999999999067e-01	nan	6.063560993934231924e-02	3.911420021136161607e-01	2.022446256383432159e-02
nan	7.986000000000000227e+02	7.985999999999999766e-01	nan	6.400652947253035463e-02	4.356370659295320524e-01	2.302913038613567734e-02
nan	1.120599999999999909e+03	1.120600000000000041e+00	nan	6.962871909578041696e-02	4.145415932442294560e-01	2.174927416000560498e-02
nan	1.380599999999999909e+03	1.380600000000000049e+00	nan	7.179678909111827934e-02	4.455550161651150587e-01	2.070116819958727275e-02
nan	1.710799999999999955e+03	1.710799999999999654e+00	nan	7.355416182129488611e-02	4.498109246927389226e-01	2.102124575761194977e-02
nan	2.030599999999999909e+03	2.030600000000000183e+00	nan	7.569971043399732757e-02	4.250150876540486067e-01	2.152682277954660536e-02
nan	2.421199999999999818e+03	2.421199999999999797e+00	nan	7.827545570563074206e-02	4.432536965097541026e-01	2.049726320688094461e-02
nan	2.713000000000000000e+03	2.713000000000000078e+00	nan	7.658106605357772878e-02	4.287885367779314949e-01	2.173467665047681269e-02
nan	3.031400000000000091e+03	3.031400000000000095e+00	nan	8.180254407415929463e-02	4.474775247018275559e-01	2.078016156684903137e-02
nan	3.380599999999999909e+03	3.380599999999999827e+00	nan	8.450136600661721509e-02	4.444681694107593950e-01	1.947998058109456920e-02
nan	3.757000000000000000e+03	3.757000000000000117e+00	nan	8.696375668366158884e-02	4.406307819416747651e-01	2.097957004151558211e-02
nan	4.150800000000000182e+03	4.150799999999999379e+00	nan	8.907254180700477364e-02	4.357304978059431955e-01	2.080495023058288526e-02
nan	4.373399999999999636e+03	4.373399999999999288e+00	nan	9.067622095827801432e-02	4.476857357545857008e-01	1.970244747522755663e-02
nan	4.711199999999999818e+03	4.711199999999999832e+00	nan	8.700272283762296166e-02	4.346725889813021770e-01	2.013455213749901912e-02
nan	5.106199999999999818e+03	5.106199999999999406e+00	nan	8.888758135649546532e-02	4.706510801870783522e-01	1.941354072557388566e-02
nan	5.361800000000000182e+03	5.361800000000000566e+00	nan	9.606980224990877004e-02	4.405741654511867722e-01	1.907427128463677971e-02
nan	5.522199999999999818e+03	5.522200000000000664e+00	nan	9.758580594079831194e-02	4.460985011429034475e-01	1.998208564733527232e-02
nan	5.725600000000000364e+03	5.725600000000000911e+00	nan	1.001697272144070894e-01	4.546646186149269075e-01	1.964015685645358403e-02
nan	5.910800000000000182e+03	5.910800000000000054e+00	nan	1.028837181685020169e-01	4.170173886189575962e-01	1.946681319771024349e-02
nan	6.027600000000000364e+03	6.027599999999999625e+00	nan	1.047474918017059081e-01	4.441134497072417586e-01	1.941066235494664019e-02
nan	6.219000000000000000e+03	6.218999999999999417e+00	nan	1.027273500488405517e-01	4.547333336740095322e-01	1.884924578526519026e-02
nan	6.276000000000000000e+03	6.275999999999999801e+00	nan	1.074920033490570914e-01	4.322548371818309976e-01	2.081714055435588545e-02
nan	6.333000000000000000e+03	6.333000000000000185e+00	nan	1.112570090868160860e-01	4.355911393436192602e-01	1.956008560229580834e-02
nan	6.324800000000000182e+03	6.324799999999998867e+00	nan	1.120087315708360592e-01	4.367286066384393206e-01	1.863544666114434062e-02
nan	6.271800000000000182e+03	6.271800000000000708e+00	nan	1.128803233216274238e-01	4.456341041519841228e-01	1.892690641528469581e-02
nan	6.219800000000000182e+03	6.219800000000000217e+00	nan	1.156283906615158258e-01	4.348243913404185035e-01	2.078225060109195610e-02
nan	6.093000000000000000e+03	6.092999999999999972e+00	nan	1.185558203882948192e-01	4.410236194320981129e-01	1.888045278523025131e-02
nan	5.998199999999999818e+03	5.998199999999999754e+00	nan	1.214224188144470418e-01	4.417556680746947961e-01	1.973751697811101241e-02
nan	5.880199999999999818e+03	5.880200000000000315e+00	nan	1.213601076911629689e-01	4.210807214455084546e-01	1.895476337028689784e-02
nan	5.761800000000000182e+03	5.761800000000000033e+00	nan	1.164453296870812393e-01	4.513018431991259183e-01	1.969646543973038039e-02
nan	5.574800000000000182e+03	5.574800000000000644e+00	nan	1.264789074069483377e-01	4.307385219367379503e-01	1.927526219333497437e-02
nan	5.438800000000000182e+03	5.438799999999999635e+00	nan	1.279604701596611105e-01	4.526627486662319066e-01	1.955063480134189291e-02
nan	5.222600000000000364e+03	5.222599999999999021e+00	nan	1.281725784360105425e-01	4.332135299113158422e-01	1.903125282628916753e-02
nan	5.001000000000000000e+03	5.000999999999999446e+00	nan	1.325846947461627734e-01	4.282346294775957185e-01	1.982623924846400529e-02
nan	4.749600000000000364e+03	4.749600000000000044e+00	nan	1.352775819162616300e-01	4.423328239005572260e-01	1.863314506049853353e-02
nan	4.462399999999999636e+03	4.462399999999999700e+00	nan	1.341620985755696549e-01	4.411013089156736733e-01	1.926243799697129402e-02
nan	4.354600000000000364e+03	4.354600000000000470e+00	nan	1.362103214905232562e-01	4.428703183931451681e-01	2.045583547474372210e-02
nan	4.318800000000000182e+03	4.318799999999999528e+00	nan	1.408465420495645104e-01	4.296910138498197251e-01	2.018384446023873194e-02
nan	4.185600000000000364e+03	4.185599999999999099e+00	nan	1.421636635048059705e-01	4.432053669096985837e-01	1.776261768019438136e-02
nan	4.112399999999999636e+03	4.112399999999999167e+00	nan	1.418052794884601953e-01	4.591036059835794103e-01	1.836752933620253853e-02
nan	4.089400000000000091e+03	4.089400000000000368e+00	nan	1.460656939524540010e-01	4.489189008431532235e-01	1.865039141443176549e-02
nan	4.006800000000000182e+03	4.006800000000000139e+00	nan	1.477542067813089888e-01	4.615591347664057542e-01	1.901484391731056434e-02
nan	3.888599999999999909e+03	3.888600000000000279e+00	nan	1.431367153509825185e-01	4.277811278130496109e-01	1.924971403727937513e-02
nan	3.946400000000000091e+03	3.946399999999999686e+00	nan	1.524469742188159782e-01	4.468778626181926228e-01	1.946849486504298454e-02
nan	3.858199999999999818e+03	3.858200000000000074e+00	nan	1.532145238016880684e-01	4.607996937871378651e-01	1.936765329565908259e-02
nan	3.919599999999999909e+03	3.919599999999999973e+00	nan	1.517472184051371076e-01	4.536645732785477558e-01	2.023895304175873239e-02
