# SourcePhotonFlux	NumberRaysSurvived	PercentageRaysSurvived	PhotonFlux	Bandwidth	HorizontalFocusFWHM	VerticalFocusFWHM
nan	0.000000000000000000e+00	0.000000000000000000e+00	0.000000000000000000e+00	0.000000000000000000e+00	0.000000000000000000e+00	0.000000000000000000e+00
nan	0.000000000000000000e+00	0.000000000000000000e+00	0.000000000000000000e+00	0.000000000000000000e+00	0.000000000000000000e+00	0.000000000000000000e+00
nan	0.000000000000000000e+00	0.000000000000000000e+00	0.000000000000000000e+00	0.000000000000000000e+00	0.000000000000000000e+00	0.000000000000000000e+00
nan	0.000000000000000000e+00	0.000000000000000000e+00	0.000000000000000000e+00	0.000000000000000000e+00	0.000000000000000000e+00	0.000000000000000000e+00
nan	0.000000000000000000e+00	0.000000000000000000e+00	0.000000000000000000e+00	0.000000000000000000e+00	0.000000000000000000e+00	0.000000000000000000e+00
nan	0.000000000000000000e+00	0.000000000000000000e+00	0.000000000000000000e+00	0.000000000000000000e+00	0.000000000000000000e+00	0.000000000000000000e+00
nan	0.000000000000000000e+00	0.000000000000000000e+00	0.000000000000000000e+00	0.000000000000000000e+00	0.000000000000000000e+00	0.000000000000000000e+00
nan	0.000000000000000000e+00	0.000000000000000000e+00	0.000000000000000000e+00	0.000000000000000000e+00	0.000000000000000000e+00	0.000000000000000000e+00
nan	0.000000000000000000e+00	0.000000000000000000e+00	0.000000000000000000e+00	0.000000000000000000e+00	0.000000000000000000e+00	0.000000000000000000e+00
nan	0.000000000000000000e+00	0.000000000000000000e+00	0.000000000000000000e+00	0.000000000000000000e+00	0.000000000000000000e+00	0.000000000000000000e+00
nan	2.939999999999999858e+01	2.939999999999999905e-02	nan	3.932314435352633752e-02	5.064752941052381718e-01	1.969888462167664056e-02
nan	7.020000000000000284e+01	7.020000000000001239e-02	nan	4.127181886851349207e-02	5.174962442197739154e-01	1.998755496680567137e-02
nan	1.601999999999999886e+02	1.602000000000000091e-01	nan	5.013952621934691933e-02	3.681216586932350987e-01	2.046924815336552753e-02
nan	2.846000000000000227e+02	2.845999999999999641e-01	nan	6.213445072852437356e-02	3.943543016134816170e-01	2.106861087916662642e-02
nan	5.081999999999999886e+02	5.081999999999999851e-01	nan	5.661807207565254518e-02	4.382782452865756073e-01	2.091567659781041685e-02
nan	7.417999999999999545e+02	7.418000000000000149e-01	nan	6.719031030642383384e-02	4.223545167704957359e-01	2.136387018939132215e-02
nan	1.074000000000000000e+03	1.074000000000000066e+00	nan	6.994308428998011196e-02	4.572822957931042542e-01	1.934970972060447852e-02
nan	1.355200000000000045e+03	1.355199999999999960e+00	nan	6.706382505718977427e-02	4.386980592726346662e-01	2.070063841264939766e-02
nan	1.654599999999999909e+03	1.654600000000000293e+00	nan	6.594485659771294472e-02	4.161859800744688309e-01	2.102493707798327310e-02
nan	2.002799999999999955e+03	2.002799999999999692e+00	nan	7.561571833856817193e-02	4.581683191203200778e-01	2.054224998293694565e-02
nan	2.339000000000000000e+03	2.338999999999999968e+00	nan	7.626228037550504546e-02	4.439571113558051785e-01	2.034756563223076922e-02
nan	2.720400000000000091e+03	2.720400000000000151e+00	nan	8.091262173636834532e-02	4.508044363273773780e-01	1.973498633530184135e-02
nan	2.926599999999999909e+03	2.926599999999999646e+00	nan	8.124501597166329525e-02	3.955141114588324180e-01	2.112846828517245257e-02
nan	3.256400000000000091e+03	3.256400000000000183e+00	nan	8.472072026752641705e-02	4.419947489512243699e-01	1.968875157843079718e-02
nan	3.609400000000000091e+03	3.609399999999999942e+00	nan	8.627156690034780417e-02	4.231835460338316257e-01	2.102170532411680101e-02
nan	4.028400000000000091e+03	4.028400000000000425e+00	nan	8.892921351958590903e-02	4.525766611706040221e-01	1.980960850563562303e-02
nan	4.268399999999999636e+03	4.268399999999999750e+00	nan	9.118130032395299622e-02	4.338530484741005000e-01	2.024008102525316419e-02
nan	4.568399999999999636e+03	4.568400000000000460e+00	nan	9.030198787877737054e-02	4.583059338657638482e-01	1.936488027431737535e-02
nan	4.866399999999999636e+03	4.866400000000000503e+00	nan	9.387847696252719920e-02	4.358243028563292820e-01	1.923131785927578719e-02
nan	5.172199999999999818e+03	5.172200000000001019e+00	nan	9.503942004351131900e-02	4.440565831572049760e-01	1.946795777242282810e-02
nan	5.331000000000000000e+03	5.331000000000000405e+00	nan	9.808434434925458745e-02	4.469582701453398421e-01	1.974201614909514360e-02
nan	5.533199999999999818e+03	5.533199999999999896e+00	nan	1.002125243899257556e-01	4.551273414322893340e-01	1.919925623479827939e-02
nan	5.717800000000000182e+03	5.717799999999999550e+00	nan	1.024970172053059486e-01	4.384630241011705509e-01	2.015359584299201284e-02
nan	5.913000000000000000e+03	5.913000000000000256e+00	nan	1.042896419159092120e-01	4.577724707918571778e-01	1.936895409045871069e-02
nan	6.029399999999999636e+03	6.029399999999999871e+00	nan	1.061711984200485459e-01	4.667741500498103768e-01	1.943831718936345210e-02
nan	6.123399999999999636e+03	6.123400000000000176e+00	nan	1.071039619348567867e-01	4.509837654784504823e-01	1.905082247834982700e-02
nan	6.066800000000000182e+03	6.066799999999999748e+00	nan	1.100928934061784076e-01	4.366460037797993410e-01	1.907537564466576033e-02
nan	6.075399999999999636e+03	6.075400000000000134e+00	nan	1.110032491280065897e-01	4.284790327204071048e-01	1.851422467752123976e-02
nan	6.029000000000000000e+03	6.028999999999999915e+00	nan	1.153530697184578513e-01	4.334530716490315738e-01	1.883381466805173973e-02
nan	6.019000000000000000e+03	6.019000000000000128e+00	nan	1.119263991101576011e-01	4.512472525193949591e-01	1.946737309173442870e-02
nan	5.926399999999999636e+03	5.926400000000000112e+00	nan	1.185464315056123097e-01	4.448187879992856475e-01	1.893807675465550983e-02
nan	5.795000000000000000e+03	5.794999999999999929e+00	nan	1.186059034360283648e-01	4.494932717264433775e-01	1.909866670264963665e-02
nan	5.635399999999999636e+03	5.635399999999999743e+00	nan	1.202407975361609316e-01	4.539149112915006334e-01	1.986256963773511824e-02
nan	5.533399999999999636e+03	5.533399999999999430e+00	nan	1.200907385659803622e-01	4.525034684719462241e-01	1.831495818092481256e-02
nan	5.426199999999999818e+03	5.426199999999999690e+00	nan	1.240477836276795698e-01	4.228011538753039256e-01	1.886942476995159129e-02
nan	5.278800000000000182e+03	5.278799999999999493e+00	nan	1.285730114362195198e-01	4.485286959916215954e-01	1.833752823957422035e-02
nan	4.962800000000000182e+03	4.962799999999999656e+00	nan	1.308060225092333440e-01	4.831323721634875890e-01	1.958610488935743493e-02
nan	4.826000000000000000e+03	4.825999999999999623e+00	nan	1.309286303998760670e-01	4.454173447055974622e-01	1.954551150470908855e-02
nan	4.598000000000000000e+03	4.597999999999999865e+00	nan	1.309330383404926634e-01	4.196863152389141982e-01	1.844116640148083658e-02
nan	4.397800000000000182e+03	4.397800000000000153e+00	nan	1.370174408464322480e-01	4.594905313607927644e-01	1.928298792251910074e-02
nan	4.236800000000000182e+03	4.236800000000000566e+00	nan	1.380670206623108298e-01	4.637429423044364118e-01	1.945007667836708837e-02
nan	4.125800000000000182e+03	4.125799999999999912e+00	nan	1.392352296605111062e-01	4.539563383089147974e-01	2.005606603189811349e-02
nan	4.049000000000000000e+03	4.048999999999999488e+00	nan	1.407203182125328911e-01	4.406406578195656287e-01	1.939027760139797746e-02
nan	3.974000000000000000e+03	3.974000000000001087e+00	nan	1.386657004778157898e-01	4.478150476591773455e-01	1.937972936416976211e-02
nan	3.888800000000000182e+03	3.888800000000000701e+00	nan	1.453572292708827374e-01	4.415371051608248942e-01	1.907766020500112347e-02
nan	3.856800000000000182e+03	3.856799999999999784e+00	nan	1.482033168258226341e-01	4.498396852932936563e-01	1.942010094912678328e-02
nan	3.788400000000000091e+03	3.788400000000000212e+00	nan	1.484220144225787408e-01	4.347147581275916939e-01	1.903523643160447490e-02
nan	3.825000000000000000e+03	3.825000000000000178e+00	nan	1.507434451941321585e-01	4.370867008642623230e-01	2.018088011851890823e-02
nan	3.832000000000000000e+03	3.831999999999999407e+00	nan	1.458056923169806507e-01	4.315274341224261123e-01	2.018033282395865699e-02
nan	3.761400000000000091e+03	3.761400000000000521e+00	nan	1.528648693285731552e-01	4.478700571158041877e-01	1.886358473065818941e-02
nan	3.668599999999999909e+03	3.668600000000000527e+00	nan	1.525859805918287349e-01	4.591940251040559917e-01	1.927280487319009764e-02
nan	3.635199999999999818e+03	3.635200000000000209e+00	nan	1.590750014578247717e-01	4.513553816214869729e-01	1.974161524513391372e-02
nan	3.545800000000000182e+03	3.545799999999999841e+00	nan	1.600517960707804888e-01	4.566560371219123837e-01	2.015509987439756401e-02
nan	3.285599999999999909e+03	3.285599999999999632e+00	nan	1.633660352089918999e-01	4.560645130248328627e-01	1.797646302649180683e-02
nan	3.130800000000000182e+03	3.130799999999999805e+00	nan	1.644694104775510368e-01	4.658201165178832426e-01	1.949135071434202754e-02
nan	2.906800000000000182e+03	2.906799999999999606e+00	nan	1.674215707517305307e-01	4.414533131666119603e-01	1.961860061805751482e-02
nan	2.658400000000000091e+03	2.658399999999999874e+00	nan	1.665692540030875024e-01	4.256170530423470377e-01	1.997268512618912556e-02
nan	2.452800000000000182e+03	2.452800000000000313e+00	nan	1.694701147430237032e-01	4.412468305565185878e-01	1.941165747091950708e-02
nan	2.218000000000000000e+03	2.217999999999999972e+00	nan	1.717085950437706177e-01	4.430967429298321991e-01	1.883456912528434085e-02
nan	1.946599999999999909e+03	1.946599999999999664e+00	nan	1.738413852358292044e-01	4.529691510122421105e-01	1.943879069753311553e-02
nan	1.745799999999999955e+03	1.745799999999999796e+00	nan	1.760833710753331727e-01	4.159553075097853214e-01	1.952142280465096746e-02
nan	1.547799999999999955e+03	1.547799999999999843e+00	nan	1.752417571897524340e-01	4.250738786000368696e-01	1.982545121876029201e-02
nan	1.307799999999999955e+03	1.307799999999999851e+00	nan	1.765118591776229096e-01	4.598053190067241114e-01	2.003251642759167409e-02
nan	1.079799999999999955e+03	1.079800000000000093e+00	nan	1.797129959592268789e-01	4.119896199282992444e-01	1.839845768221586367e-02
nan	9.173999999999999773e+02	9.173999999999999932e-01	nan	1.799056075409680433e-01	4.184499024616184504e-01	2.145640460233231434e-02
nan	7.387999999999999545e+02	7.388000000000000123e-01	nan	1.820457568731114750e-01	3.807284587930040987e-01	1.768718543494642720e-02
nan	5.727999999999999545e+02	5.727999999999999758e-01	nan	1.830051584522664199e-01	4.044605173918564001e-01	1.751551596597380328e-02
nan	4.563999999999999773e+02	4.564000000000000279e-01	nan	1.697068007921188892e-01	4.173135818427938792e-01	1.867118778534120407e-02
nan	3.443999999999999773e+02	3.443999999999999839e-01	nan	1.758596241959310136e-01	3.719566531938748311e-01	1.635245301449295141e-02
nan	2.703999999999999773e+02	2.704000000000000292e-01	nan	1.688849139670026145e-01	4.020043710088744282e-01	1.919057006799391660e-02
nan	1.968000000000000114e+02	1.968000000000000027e-01	nan	1.735850978205064621e-01	3.856420097528251989e-01	1.683936260872016463e-02
nan	1.570000000000000000e+02	1.570000000000000007e-01	nan	1.564571540693805163e-01	3.862688857492381223e-01	2.002910379648525918e-02
nan	1.094000000000000057e+02	1.094000000000000111e-01	nan	1.551069630986560699e-01	4.129897580383610212e-01	1.634122180687610365e-02
nan	9.500000000000000000e+01	9.500000000000000111e-02	nan	1.247032848215208628e-01	4.770337731401766423e-01	2.228704249766754603e-02
nan	6.940000000000000568e+01	6.940000000000000335e-02	nan	1.433731143913918316e-01	4.915005820651719981e-01	2.086754638959282745e-02
nan	6.260000000000000142e+01	6.260000000000000286e-02	nan	1.399104131812373697e-01	4.982371785395779407e-01	2.116118410878820716e-02
nan	4.760000000000000142e+01	4.759999999999999648e-02	nan	1.399140570446387455e-01	4.951626878910482255e-01	2.097825197785747192e-02
nan	4.239999999999999858e+01	4.240000000000000019e-02	nan	1.455076409388543490e-01	4.826029324956896960e-01	2.167347964221930795e-02
nan	3.639999999999999858e+01	3.640000000000000180e-02	nan	1.476847869279352132e-01	4.840803566300687644e-01	2.044633549854742507e-02
nan	2.860000000000000142e+01	2.860000000000000389e-02	nan	1.534029961713085366e-01	4.790341997449031330e-01	2.186649810331936158e-02
nan	2.800000000000000000e+01	2.800000000000000405e-02	nan	1.502638821891816578e-01	4.690529468022922588e-01	2.361369239263928083e-02
nan	1.880000000000000071e+01	1.880000000000000074e-02	nan	1.411357526706470134e-01	4.719304546652793309e-01	1.919749858508902965e-02
nan	1.619999999999999929e+01	1.619999999999999912e-02	nan	1.433525366609700591e-01	4.240731058140730925e-01	2.039058271052696450e-02
nan	1.980000000000000071e+01	1.979999999999999816e-02	nan	1.509586787008828923e-01	4.461294726124672705e-01	2.056678372475122946e-02
nan	2.060000000000000142e+01	2.060000000000000026e-02	nan	1.538249525014582786e-01	4.891339221895452671e-01	1.912289213505303370e-02
nan	1.440000000000000036e+01	1.440000000000000134e-02	nan	1.685976807546415990e-01	4.659778887095182287e-01	1.876286253389827102e-02
nan	9.000000000000000000e+00	8.999999999999999320e-03	nan	1.404654031609686160e-01	4.741904554714099218e-01	1.649129778245198713e-02
nan	1.519999999999999929e+01	1.519999999999999997e-02	nan	1.486770046853096994e-01	5.319835704598194770e-01	2.265414329394328449e-02
nan	1.180000000000000071e+01	1.179999999999999973e-02	nan	1.536577266018321897e-01	4.401735406928052319e-01	2.491205985181351931e-02
nan	1.200000000000000000e+01	1.200000000000000025e-02	nan	1.483221698899619689e-01	4.631245696859709327e-01	2.593463719487137248e-02
nan	9.599999999999999645e+00	9.600000000000000894e-03	nan	1.566857998075792680e-01	5.076292846676672132e-01	2.253922075628691374e-02
nan	1.040000000000000036e+01	1.040000000000000126e-02	nan	1.403376515141263048e-01	3.770062937113595747e-01	2.177907395699523602e-02
nan	7.799999999999999822e+00	7.799999999999999642e-03	nan	1.457361246532017096e-01	4.958054118366902463e-01	2.221980283027407202e-02
nan	6.000000000000000000e+00	6.000000000000000992e-03	nan	1.556341258127889038e-01	4.349617796931600222e-01	1.880608302001636478e-02
nan	7.200000000000000178e+00	7.199999999999999803e-03	nan	1.302528340988698963e-01	5.176424082421904327e-01	1.735292314342625625e-02
nan	0.000000000000000000e+00	0.000000000000000000e+00	0.000000000000000000e+00	0.000000000000000000e+00	0.000000000000000000e+00	0.000000000000000000e+00
nan	0.000000000000000000e+00	0.000000000000000000e+00	0.000000000000000000e+00	0.000000000000000000e+00	0.000000000000000000e+00	0.000000000000000000e+00
nan	0.000000000000000000e+00	0.000000000000000000e+00	0.000000000000000000e+00	0.000000000000000000e+00	0.000000000000000000e+00	0.000000000000000000e+00
nan	0.000000000000000000e+00	0.000000000000000000e+00	0.000000000000000000e+00	0.000000000000000000e+00	0.000000000000000000e+00	0.000000000000000000e+00
nan	0.000000000000000000e+00	0.000000000000000000e+00	0.000000000000000000e+00	0.000000000000000000e+00	0.000000000000000000e+00	0.000000000000000000e+00
nan	0.000000000000000000e+00	0.000000000000000000e+00	0.000000000000000000e+00	0.000000000000000000e+00	0.000000000000000000e+00	0.000000000000000000e+00
nan	0.000000000000000000e+00	0.000000000000000000e+00	0.000000000000000000e+00	0.000000000000000000e+00	0.000000000000000000e+00	0.000000000000000000e+00
nan	0.000000000000000000e+00	0.000000000000000000e+00	0.000000000000000000e+00	0.000000000000000000e+00	0.000000000000000000e+00	0.000000000000000000e+00
nan	0.000000000000000000e+00	0.000000000000000000e+00	0.000000000000000000e+00	0.000000000000000000e+00	0.000000000000000000e+00	0.000000000000000000e+00
nan	0.000000000000000000e+00	0.000000000000000000e+00	0.000000000000000000e+00	0.000000000000000000e+00	0.000000000000000000e+00	0.000000000000000000e+00
nan	2.019999999999999929e+01	2.019999999999999921e-02	nan	4.108603390166100378e-02	5.242880881171103624e-01	1.996085497129174505e-02
nan	5.239999999999999858e+01	5.240000000000000213e-02	nan	4.006897460907475617e-02	4.575736201445346762e-01	1.849497432007298978e-02
nan	1.240000000000000000e+02	1.239999999999999991e-01	nan	4.927391702557457759e-02	4.078244727998880381e-01	1.936424359690320715e-02
nan	2.150000000000000000e+02	2.149999999999999967e-01	nan	5.601467431799846824e-02	5.024560152538273261e-01	2.019042600336433749e-02
nan	3.723999999999999773e+02	3.724000000000000088e-01	nan	6.368195198211309971e-02	3.847633808783044174e-01	2.029380005302883205e-02
nan	5.647999999999999545e+02	5.647999999999999687e-01	nan	6.268823983912738540e-02	4.181021905759955137e-01	2.044713727204729853e-02
nan	8.060000000000000000e+02	8.060000000000000497e-01	nan	6.960742794080942986e-02	4.691100042165136652e-01	2.033264419030125086e-02
nan	1.028200000000000045e+03	1.028200000000000003e+00	nan	7.027085217967225794e-02	4.117422823506007856e-01	1.974479581696329117e-02
nan	1.200599999999999909e+03	1.200600000000000112e+00	nan	6.916017655124732932e-02	4.417077053987201185e-01	1.852253144100615007e-02
nan	1.467799999999999955e+03	1.467799999999999994e+00	nan	7.483285607209211321e-02	4.513261343989343755e-01	2.057286163555840236e-02
nan	1.740799999999999955e+03	1.740800000000000125e+00	nan	7.817331156616660892e-02	4.190122668422932017e-01	1.850763415943603579e-02
nan	1.970599999999999909e+03	1.970599999999999907e+00	nan	8.060566242885443267e-02	4.154435585429949174e-01	1.975295731453208248e-02
nan	2.172199999999999818e+03	2.172200000000000131e+00	nan	8.278956726273349609e-02	4.284230193980268497e-01	1.865780239759544726e-02
nan	2.442599999999999909e+03	2.442599999999999660e+00	nan	8.168227861760897490e-02	4.604587320732330680e-01	1.858976892360200001e-02
nan	2.667400000000000091e+03	2.667399999999999771e+00	nan	8.509068387627678753e-02	4.243877291842673150e-01	1.894291854134362227e-02
nan	2.990400000000000091e+03	2.990400000000000169e+00	nan	8.788948297773799267e-02	4.552394378708523037e-01	1.897736462959320747e-02
nan	3.173199999999999818e+03	3.173200000000000021e+00	nan	8.950168872114830365e-02	4.516634923964977233e-01	1.807405023037755853e-02
nan	3.458599999999999909e+03	3.458599999999999675e+00	nan	9.241413020448874249e-02	4.274746691274151078e-01	1.839724815229653102e-02
nan	3.608000000000000000e+03	3.607999999999999652e+00	nan	9.400136616790177868e-02	4.503712215429502841e-01	1.813057476618933420e-02
nan	3.834400000000000091e+03	3.834400000000000031e+00	nan	9.709264429222912163e-02	4.350615544718273719e-01	1.761741842409714209e-02
nan	3.916199999999999818e+03	3.916199999999999903e+00	nan	9.904879967423312059e-02	4.254867366797480122e-01	1.824529306348559102e-02
nan	4.070400000000000091e+03	4.070400000000001128e+00	nan	1.009751060062114847e-01	4.154223444005253896e-01	1.631940364749775302e-02
nan	4.252800000000000182e+03	4.252799999999998803e+00	nan	1.002484384488155911e-01	4.361829536473044722e-01	1.671446944579488975e-02
nan	4.322600000000000364e+03	4.322599999999999554e+00	nan	1.044498642739711131e-01	4.385665001351664039e-01	1.723541454646095733e-02
nan	4.448600000000000364e+03	4.448600000000000776e+00	nan	9.766487658623976276e-02	4.459877054367330507e-01	1.695326511553213455e-02
nan	4.477000000000000000e+03	4.476999999999999424e+00	nan	1.070060813494734531e-01	4.229612028107873622e-01	1.722527267909044688e-02
nan	4.482000000000000000e+03	4.482000000000001094e+00	nan	1.105700873235633680e-01	4.410473966415540126e-01	1.615371987540652546e-02
nan	4.550399999999999636e+03	4.550400000000000666e+00	nan	1.114950947610879040e-01	4.454723577284001590e-01	1.659378487484781603e-02
nan	4.484399999999999636e+03	4.484399999999999942e+00	nan	1.140348823438927239e-01	4.389635076066779051e-01	1.671085198542030664e-02
nan	4.480000000000000000e+03	4.479999999999999538e+00	nan	1.168339114215683622e-01	4.484763332454965168e-01	1.624776438714294752e-02
nan	4.370600000000000364e+03	4.370600000000000485e+00	nan	1.169365254210163185e-01	4.304560811898471284e-01	1.663298163680964128e-02
nan	4.343600000000000364e+03	4.343600000000000350e+00	nan	1.209307857390854168e-01	4.491753852001500458e-01	1.570040934762002502e-02
nan	4.225800000000000182e+03	4.225799999999999557e+00	nan	1.227941404841686734e-01	4.278932210513235468e-01	1.555968997925578565e-02
nan	4.030199999999999818e+03	4.030200000000000671e+00	nan	1.230501222770158110e-01	4.234611608165258501e-01	1.648166209484829350e-02
nan	3.945599999999999909e+03	3.945600000000000218e+00	nan	1.244660609014488217e-01	4.484549072295511141e-01	1.552965123392295935e-02
nan	3.879800000000000182e+03	3.879800000000000360e+00	nan	1.284669977382122963e-01	4.285764969231764532e-01	1.548098060850202663e-02
nan	3.759599999999999909e+03	3.759600000000000275e+00	nan	1.296914975429672157e-01	4.585828333940707435e-01	1.475310666793365824e-02
nan	3.572000000000000000e+03	3.572000000000000064e+00	nan	1.324486309384724225e-01	4.421118967936762401e-01	1.606099219149070834e-02
nan	3.375000000000000000e+03	3.375000000000000000e+00	nan	1.263259575554400160e-01	4.851082124598954937e-01	1.639953182536366821e-02
nan	3.274000000000000000e+03	3.274000000000000021e+00	nan	1.352592867299222124e-01	4.621384751320442019e-01	1.432069890974734319e-02
nan	3.148000000000000000e+03	3.148000000000000131e+00	nan	1.376993800653338040e-01	4.555535518133024264e-01	1.508497433526354535e-02
nan	3.059000000000000000e+03	3.059000000000000163e+00	nan	1.360455181660427115e-01	4.382821675371029180e-01	1.516307496054718554e-02
nan	2.967199999999999818e+03	2.967200000000000060e+00	nan	1.215541319542808169e-01	4.220627342248152725e-01	1.539444690365492432e-02
nan	2.948599999999999909e+03	2.948599999999999888e+00	nan	1.425828293626125176e-01	4.455520730182502831e-01	1.396895753470683843e-02
nan	2.890199999999999818e+03	2.890200000000000546e+00	nan	1.389438439421667171e-01	4.589892921473469611e-01	1.446089725682497829e-02
nan	2.817199999999999818e+03	2.817200000000000149e+00	nan	1.455184125006269424e-01	4.266596966059901241e-01	1.600766235603483592e-02
nan	2.818199999999999818e+03	2.818199999999999594e+00	nan	1.485009725368456601e-01	4.519113946999228082e-01	1.422500793583321085e-02
nan	2.780000000000000000e+03	2.780000000000000249e+00	nan	1.504057744736712610e-01	4.233503955744419289e-01	1.395104167882355028e-02
nan	2.804199999999999818e+03	2.804200000000000248e+00	nan	1.523080860733728170e-01	4.450263814679287222e-01	1.463097412238809590e-02
nan	2.785199999999999818e+03	2.785200000000000120e+00	nan	1.547607284742809897e-01	4.549371047755433883e-01	1.463269895374228434e-02
nan	2.738400000000000091e+03	2.738399999999999945e+00	nan	1.537274734473669524e-01	4.510625660434953721e-01	1.488316848913342517e-02
nan	2.673000000000000000e+03	2.673000000000000487e+00	nan	1.595634878037799353e-01	4.656005647983396112e-01	1.533117542144424306e-02
nan	2.584199999999999818e+03	2.584200000000000053e+00	nan	1.576269382065845492e-01	4.391931121760646595e-01	1.511871020239485830e-02
nan	2.438800000000000182e+03	2.438799999999999635e+00	nan	1.542779849067756059e-01	4.361309288785938376e-01	1.492310838737402959e-02
nan	2.329199999999999818e+03	2.329200000000000159e+00	nan	1.641211541609209346e-01	4.558150980735939939e-01	1.449214376562419845e-02
nan	2.206199999999999818e+03	2.206199999999999939e+00	nan	1.650049556856970356e-01	4.366793683050137487e-01	1.549576177602141058e-02
nan	1.968200000000000045e+03	1.968200000000000172e+00	nan	1.696914499711795199e-01	4.518946909191871031e-01	1.530680179291845668e-02
nan	1.780799999999999955e+03	1.780799999999999939e+00	nan	1.697461035666663065e-01	4.329878360624926925e-01	1.518964125984769743e-02
nan	1.626200000000000045e+03	1.626200000000000090e+00	nan	1.722553956439867306e-01	4.219826025996654684e-01	1.457876354911071849e-02
nan	1.437799999999999955e+03	1.437799999999999967e+00	nan	1.718958309502966186e-01	4.727716847773925646e-01	1.428767206625653971e-02
nan	1.276599999999999909e+03	1.276600000000000179e+00	nan	1.702270556224107223e-01	3.996335037308104687e-01	1.451015663129844382e-02
nan	1.123000000000000000e+03	1.122999999999999998e+00	nan	1.769937780871316535e-01	4.311965874791411357e-01	1.472659013369899059e-02
nan	9.582000000000000455e+02	9.582000000000000517e-01	nan	1.694965008443489185e-01	4.193451904963602095e-01	1.467938474786478764e-02
nan	8.137999999999999545e+02	8.137999999999999678e-01	nan	1.686212338175550884e-01	4.421925501920093149e-01	1.464956569909219367e-02
nan	6.986000000000000227e+02	6.985999999999999988e-01	nan	1.367931615295105985e-01	4.194907142350576268e-01	1.443174687425781075e-02
nan	5.427999999999999545e+02	5.428000000000000602e-01	nan	1.811242868209774204e-01	3.927064959416051715e-01	1.430156319285025290e-02
nan	4.233999999999999773e+02	4.233999999999999986e-01	nan	1.714123977324675252e-01	3.929437470580736114e-01	1.549434895826280398e-02
nan	3.260000000000000000e+02	3.259999999999999565e-01	nan	1.618528280099951755e-01	3.725463002316227179e-01	1.331116830942136176e-02
nan	2.545999999999999943e+02	2.545999999999999930e-01	nan	1.766701190546314248e-01	3.631744677313134551e-01	1.387136784130227340e-02
nan	1.911999999999999886e+02	1.911999999999999811e-01	nan	1.600023579292326192e-01	4.420533384611476935e-01	1.553018648499104870e-02
nan	1.578000000000000114e+02	1.577999999999999958e-01	nan	1.464605036161174267e-01	4.583566154497698553e-01	1.558874470455364793e-02
nan	1.254000000000000057e+02	1.254000000000000115e-01	nan	1.382906557670764980e-01	3.601619065682922782e-01	1.531163566126103603e-02
nan	8.579999999999999716e+01	8.580000000000001514e-02	nan	1.313936740927402202e-01	4.695862941259738577e-01	1.585382602260620652e-02
nan	6.579999999999999716e+01	6.579999999999999738e-02	nan	1.361417200970959362e-01	5.216968028195527740e-01	1.618377626650921094e-02
nan	5.220000000000000284e+01	5.220000000000000334e-02	nan	1.441708818809297743e-01	4.932680847863901152e-01	1.672071913704345839e-02
nan	4.220000000000000284e+01	4.220000000000000140e-02	nan	1.332189796839925999e-01	4.558776140218420148e-01	1.588164390780463439e-02
nan	3.800000000000000000e+01	3.800000000000000600e-02	nan	1.438889873883787140e-01	4.888553631966227608e-01	1.601985478332010326e-02
nan	2.900000000000000000e+01	2.899999999999999800e-02	nan	1.422710358179124224e-01	4.946696076801185282e-01	1.638179811036809264e-02
nan	2.200000000000000000e+01	2.199999999999999872e-02	nan	1.322559264861774275e-01	4.795278635307603787e-01	1.398729050340430380e-02
nan	2.439999999999999858e+01	2.439999999999999808e-02	nan	1.473987334443098152e-01	5.132043469206017949e-01	1.763449514951463334e-02
nan	1.919999999999999929e+01	1.920000000000000179e-02	nan	1.494315198989917826e-01	4.617631433752001913e-01	1.684684797250133800e-02
nan	1.619999999999999929e+01	1.619999999999999912e-02	nan	1.393745620984635780e-01	4.518346323292029010e-01	1.712533789333368917e-02
nan	1.200000000000000000e+01	1.200000000000000025e-02	nan	1.567398765598684296e-01	5.098145214755486210e-01	1.570271124298999038e-02
nan	1.100000000000000000e+01	1.099999999999999936e-02	nan	1.491092477983836651e-01	3.399823802894657576e-01	1.300725862020587001e-02
nan	1.280000000000000071e+01	1.280000000000000061e-02	nan	1.517573895571477371e-01	4.633473361861801254e-01	1.515947422566697386e-02
nan	1.240000000000000036e+01	1.239999999999999956e-02	nan	1.428470304059515361e-01	4.234360838099751057e-01	1.623732252764349335e-02
nan	8.800000000000000711e+00	8.799999999999998795e-03	nan	1.440053246902909811e-01	3.010771119666929008e-01	1.487696021576778369e-02
nan	8.199999999999999289e+00	8.200000000000000691e-03	nan	1.328207992322412712e-01	3.405902935203806159e-01	1.630546036025024709e-02
nan	7.599999999999999645e+00	7.600000000000000852e-03	nan	1.293687352028772553e-01	4.867056809475802659e-01	1.479805743472039324e-02
nan	8.599999999999999645e+00	8.600000000000000006e-03	nan	1.450320880925801137e-01	5.033790329797275254e-01	1.463999309487839205e-02
nan	7.400000000000000355e+00	7.400000000000001195e-03	nan	1.670676566577232180e-01	5.208506987965778601e-01	1.722934450503760956e-02
nan	9.400000000000000355e+00	9.399999999999998634e-03	nan	1.401305337781433846e-01	4.515232835557428936e-01	1.744391712861612098e-02
nan	6.599999999999999645e+00	6.599999999999999964e-03	nan	1.215154714244920803e-01	4.111726222554477062e-01	1.192341441268909320e-02
nan	5.000000000000000000e+00	5.000000000000000104e-03	nan	1.538686171890553400e-01	2.936483513685441693e-01	1.769110574601426983e-02
nan	7.200000000000000178e+00	7.199999999999999803e-03	nan	1.492178968666267314e-01	4.920775112124887163e-01	1.567882111534226602e-02
