# SourcePhotonFlux	NumberRaysSurvived	PercentageRaysSurvived	PhotonFlux	Bandwidth	HorizontalFocusFWHM	VerticalFocusFWHM
nan	0.000000000000000000e+00	0.000000000000000000e+00	0.000000000000000000e+00	0.000000000000000000e+00	0.000000000000000000e+00	0.000000000000000000e+00
nan	0.000000000000000000e+00	0.000000000000000000e+00	0.000000000000000000e+00	0.000000000000000000e+00	0.000000000000000000e+00	0.000000000000000000e+00
nan	0.000000000000000000e+00	0.000000000000000000e+00	0.000000000000000000e+00	0.000000000000000000e+00	0.000000000000000000e+00	0.000000000000000000e+00
nan	0.000000000000000000e+00	0.000000000000000000e+00	0.000000000000000000e+00	0.000000000000000000e+00	0.000000000000000000e+00	0.000000000000000000e+00
nan	0.000000000000000000e+00	0.000000000000000000e+00	0.000000000000000000e+00	0.000000000000000000e+00	0.000000000000000000e+00	0.000000000000000000e+00
nan	0.000000000000000000e+00	0.000000000000000000e+00	0.000000000000000000e+00	0.000000000000000000e+00	0.000000000000000000e+00	0.000000000000000000e+00
nan	0.000000000000000000e+00	0.000000000000000000e+00	0.000000000000000000e+00	0.000000000000000000e+00	0.000000000000000000e+00	0.000000000000000000e+00
nan	0.000000000000000000e+00	0.000000000000000000e+00	0.000000000000000000e+00	0.000000000000000000e+00	0.000000000000000000e+00	0.000000000000000000e+00
nan	0.000000000000000000e+00	0.000000000000000000e+00	0.000000000000000000e+00	0.000000000000000000e+00	0.000000000000000000e+00	0.000000000000000000e+00
nan	0.000000000000000000e+00	0.000000000000000000e+00	0.000000000000000000e+00	0.000000000000000000e+00	0.000000000000000000e+00	0.000000000000000000e+00
nan	0.000000000000000000e+00	0.000000000000000000e+00	0.000000000000000000e+00	0.000000000000000000e+00	0.000000000000000000e+00	0.000000000000000000e+00
nan	0.000000000000000000e+00	0.000000000000000000e+00	0.000000000000000000e+00	0.000000000000000000e+00	0.000000000000000000e+00	0.000000000000000000e+00
nan	0.000000000000000000e+00	0.000000000000000000e+00	0.000000000000000000e+00	0.000000000000000000e+00	0.000000000000000000e+00	0.000000000000000000e+00
nan	0.000000000000000000e+00	0.000000000000000000e+00	0.000000000000000000e+00	0.000000000000000000e+00	0.000000000000000000e+00	0.000000000000000000e+00
nan	0.000000000000000000e+00	0.000000000000000000e+00	0.000000000000000000e+00	0.000000000000000000e+00	0.000000000000000000e+00	0.000000000000000000e+00
nan	0.000000000000000000e+00	0.000000000000000000e+00	0.000000000000000000e+00	0.000000000000000000e+00	0.000000000000000000e+00	0.000000000000000000e+00
nan	3.439999999999999947e+00	3.439999999999999915e-03	nan	8.036179537528042108e-03	8.379869089111705027e-02	3.965110963611134451e-03
nan	3.760000000000000231e+00	3.760000000000000321e-03	nan	8.278146097645159435e-03	9.572627222966953453e-02	3.892170159635829213e-03
nan	4.720000000000000639e+00	4.720000000000000237e-03	nan	7.724986060410221622e-03	8.798429604370505697e-02	4.283784909185727255e-03
nan	4.679999999999999716e+00	4.679999999999999265e-03	nan	8.358270540107024318e-03	1.124340560713214671e-01	4.446388594848945178e-03
nan	2.932000000000000028e+01	2.932000000000000231e-02	nan	8.424515951282955661e-03	7.762976970130266996e-02	3.626263706288739095e-03
nan	3.271999999999999886e+01	3.272000000000000602e-02	nan	1.111296531179561953e-02	7.905851493393012408e-02	3.338868374716952390e-03
nan	3.792000000000000171e+01	3.791999999999999538e-02	nan	1.190920898384092638e-02	8.031080902861009729e-02	3.985495296832440061e-03
nan	4.151999999999999602e+01	4.152000000000000135e-02	nan	1.167892055994059278e-02	8.934930474328464656e-02	3.944788828211187419e-03
nan	1.007999999999999972e+02	1.008000000000000007e-01	nan	1.072359096141667703e-02	8.449952614743434787e-02	3.934449847673633996e-03
nan	1.120799999999999983e+02	1.120799999999999852e-01	nan	1.245081228581454945e-02	8.937002473311131401e-02	3.863423945317947562e-03
nan	1.405200000000000102e+02	1.405200000000000338e-01	nan	1.275321916370103156e-02	8.107177900039334861e-02	4.259079099622269451e-03
nan	1.526400000000000148e+02	1.526400000000000257e-01	nan	1.275346547750245974e-02	8.151758155443603049e-02	4.245273913347844333e-03
nan	2.015600000000000023e+02	2.015600000000000169e-01	nan	1.339110903684684328e-02	8.731791966377444592e-02	3.801988690284261677e-03
nan	2.163599999999999852e+02	2.163599999999999690e-01	nan	1.427118203555437573e-02	8.796098285036833830e-02	4.161553684136620745e-03
nan	2.708000000000000114e+02	2.708000000000000407e-01	nan	1.472534071500604044e-02	8.041835477521060149e-02	3.949827082164318257e-03
nan	2.995199999999999818e+02	2.995199999999999529e-01	nan	1.436257035049436602e-02	8.731579036229998592e-02	4.260418450242262935e-03
nan	3.146800000000000068e+02	3.146799999999999597e-01	nan	1.505295924276651987e-02	7.768062696047131621e-02	3.757584339695618867e-03
nan	3.457199999999999704e+02	3.457200000000000273e-01	nan	1.548194230015155839e-02	8.550249085709689389e-02	4.045599256757519309e-03
nan	4.269199999999999591e+02	4.269199999999999662e-01	nan	1.495288842366221740e-02	8.003104869633144436e-02	4.133307074729799732e-03
nan	4.663999999999999773e+02	4.663999999999999813e-01	nan	1.546183207459819221e-02	8.828976990228468158e-02	4.182421800134080055e-03
nan	4.102800000000000296e+02	4.102800000000000336e-01	nan	1.602723775981530763e-02	8.838567340228034586e-02	3.913302225236954535e-03
nan	4.575600000000000591e+02	4.575599999999999667e-01	nan	1.575922669893486602e-02	8.893447320299664727e-02	3.650490164648623019e-03
nan	5.502000000000000455e+02	5.502000000000000224e-01	nan	1.668101519879883199e-02	8.116286314927446954e-02	4.210857384719090928e-03
nan	6.172000000000000455e+02	6.171999999999998598e-01	nan	1.665345083110707919e-02	8.316919526229833715e-02	3.955393703799501073e-03
nan	5.292400000000000091e+02	5.292399999999999327e-01	nan	1.762343526200482041e-02	8.409379199693231555e-02	3.570081016678496814e-03
nan	5.891600000000000819e+02	5.891600000000001280e-01	nan	1.750917860550998614e-02	8.771372490039149039e-02	3.687614954858684825e-03
nan	7.095199999999999818e+02	7.095200000000000395e-01	nan	1.779536143306529455e-02	8.956362141604377880e-02	3.884568656309426212e-03
nan	7.973600000000000136e+02	7.973600000000000687e-01	nan	1.782442286725711283e-02	8.397424828588136159e-02	4.169506325447347797e-03
nan	6.253600000000000136e+02	6.253600000000000270e-01	nan	1.864123121618604245e-02	8.962340885891449671e-02	3.665049419954317933e-03
nan	6.993199999999999363e+02	6.993199999999999417e-01	nan	1.871202779939949365e-02	8.338351510596737903e-02	3.444334333834184973e-03
nan	8.396399999999999864e+02	8.396399999999999419e-01	nan	1.864067925445738252e-02	8.791048729743466961e-02	4.065741455129323438e-03
nan	9.398799999999998818e+02	9.398799999999999377e-01	nan	1.858978142125011085e-02	8.955716251761891566e-02	3.999912427032139249e-03
nan	7.092799999999999727e+02	7.092799999999999105e-01	nan	1.987578972302742400e-02	8.682558675839720241e-02	3.553622621404457609e-03
nan	7.922799999999999727e+02	7.922799999999999843e-01	nan	1.930432960465281941e-02	9.219396579820929305e-02	3.522368119470993542e-03
nan	9.577599999999999909e+02	9.577600000000000557e-01	nan	1.879473702684890737e-02	8.558288557378596062e-02	3.794801912931990845e-03
nan	1.074079999999999927e+03	1.074079999999999924e+00	nan	1.978651430263596647e-02	8.843891853209381870e-02	3.954975709521147027e-03
nan	7.672000000000000455e+02	7.671999999999999931e-01	nan	2.084929533970352952e-02	9.024797043696788923e-02	3.544874059229070808e-03
nan	8.697999999999999545e+02	8.698000000000000176e-01	nan	2.076966112660045410e-02	8.810122509690734849e-02	3.464422155547932595e-03
nan	1.044679999999999836e+03	1.044680000000000053e+00	nan	2.061781573748817237e-02	9.126596925796379156e-02	3.731290756362968305e-03
nan	1.161799999999999955e+03	1.161799999999999944e+00	nan	2.039103003634295391e-02	8.766615202857540312e-02	3.839766560689170972e-03
nan	8.178399999999999181e+02	8.178400000000000114e-01	nan	2.134051523607808851e-02	8.683982361334943723e-02	3.383801087215359583e-03
nan	8.896399999999999864e+02	8.896399999999999864e-01	nan	2.167154739954241932e-02	9.355952545849394175e-02	3.261666351901950592e-03
nan	1.097679999999999836e+03	1.097679999999999989e+00	nan	2.173620659269147326e-02	8.878839059972151726e-02	3.756985549012813088e-03
nan	1.202839999999999918e+03	1.202840000000000131e+00	nan	2.186029493663795703e-02	9.272791467716454128e-02	3.834032847343413989e-03
nan	8.219200000000000728e+02	8.219199999999998729e-01	nan	2.268314273453370458e-02	9.456380217281205869e-02	3.380578407377030949e-03
nan	8.900799999999999272e+02	8.900799999999999823e-01	nan	2.262795698995432800e-02	8.589821602305106052e-02	3.347566497233902226e-03
nan	1.117879999999999882e+03	1.117879999999999985e+00	nan	2.272611808444480880e-02	8.444551462481519888e-02	3.778899466060439000e-03
nan	1.215039999999999964e+03	1.215039999999999898e+00	nan	2.243299051118015017e-02	8.431696742945063439e-02	3.879442038302598379e-03
nan	7.989199999999999591e+02	7.989200000000000745e-01	nan	2.378026133505443257e-02	8.513549412432082353e-02	3.232524461457453487e-03
nan	8.697200000000000273e+02	8.697200000000000486e-01	nan	2.099248119415790190e-02	8.917196686949754869e-02	3.109897587990344704e-03
nan	1.078240000000000009e+03	1.078240000000000087e+00	nan	2.358768748181773803e-02	8.719082477239267770e-02	3.697873100279709842e-03
nan	1.181759999999999991e+03	1.181760000000000144e+00	nan	2.355106498028419412e-02	9.166440291837942012e-02	3.893341124809346267e-03
nan	7.727200000000000273e+02	7.727200000000000735e-01	nan	2.464962950680842438e-02	9.013811886557740460e-02	3.190048416527311356e-03
nan	8.263600000000000136e+02	8.263599999999999834e-01	nan	2.474567740872544302e-02	8.813152563113106630e-02	3.116198474147715593e-03
nan	1.030120000000000118e+03	1.030119999999999925e+00	nan	2.468652775510577282e-02	9.227496097627645166e-02	3.933863382885753601e-03
nan	1.118360000000000127e+03	1.118360000000000243e+00	nan	2.349293593828292656e-02	8.696735615461363700e-02	3.886776307456685318e-03
nan	7.290800000000000409e+02	7.290799999999999503e-01	nan	2.491272563133407197e-02	8.960254214129907691e-02	3.095084212867558332e-03
nan	7.718399999999999181e+02	7.718399999999999705e-01	nan	2.502856765286878837e-02	9.377493279524802550e-02	3.225927993018142502e-03
nan	9.826799999999999500e+02	9.826799999999999979e-01	nan	2.537841546142203739e-02	8.895652647734766938e-02	3.753712613064834336e-03
nan	1.034240000000000009e+03	1.034240000000000048e+00	nan	2.576880655135142112e-02	8.579494687738679903e-02	3.804169568422306660e-03
nan	6.594399999999999409e+02	6.594400000000000261e-01	nan	2.627785909652970847e-02	9.285459086015575292e-02	3.013815631529403842e-03
nan	6.896800000000000637e+02	6.896800000000000708e-01	nan	2.460029467434083142e-02	8.744054338822407346e-02	3.028039348766924359e-03
nan	8.926000000000000227e+02	8.925999999999998380e-01	nan	2.665100358599374955e-02	8.931067013400528776e-02	3.953848181431407482e-03
nan	9.395600000000000591e+02	9.395600000000001728e-01	nan	2.504477843079229091e-02	8.776030552940891627e-02	3.893393163604806119e-03
nan	5.964399999999999409e+02	5.964399999999999702e-01	nan	2.718349207335336512e-02	8.771557350696690403e-02	2.973669730781409743e-03
nan	6.316800000000000637e+02	6.316799999999999082e-01	nan	2.707029184835050770e-02	7.986708967853807517e-02	3.007340559215023520e-03
nan	8.085600000000000591e+02	8.085599999999999454e-01	nan	2.760126759995955650e-02	9.144333464698324587e-02	3.681116524528604914e-03
nan	8.592799999999999727e+02	8.592800000000000438e-01	nan	2.744372497430959054e-02	8.731295366111124778e-02	3.847048764129503643e-03
nan	5.738399999999999181e+02	5.738400000000000167e-01	nan	2.796347375470418367e-02	8.575674612093883709e-02	3.074774971435836023e-03
nan	5.902400000000000091e+02	5.902399999999999869e-01	nan	2.837493300650976297e-02	9.008559138402155719e-02	3.149893856639422555e-03
nan	7.674399999999999409e+02	7.674400000000000110e-01	nan	2.846061331127543864e-02	9.054979472470041368e-02	3.809351955574023004e-03
nan	8.019600000000000364e+02	8.019600000000000062e-01	nan	2.807404519898454992e-02	8.751006231305134830e-02	3.787089745292249350e-03
nan	5.530800000000000409e+02	5.530799999999999050e-01	nan	2.890191893999031342e-02	8.978399202221212794e-02	2.973347538550754655e-03
nan	5.591200000000000045e+02	5.591199999999999504e-01	nan	2.916048374586012112e-02	8.702957015256300444e-02	3.141665213988496276e-03
nan	7.454399999999999409e+02	7.454399999999999915e-01	nan	2.958785265409232673e-02	8.668706998992756207e-02	4.043255881701135653e-03
nan	7.720399999999999636e+02	7.720399999999999485e-01	nan	2.953901732671852104e-02	8.717178641142606099e-02	3.726795948594450146e-03
nan	5.397200000000000273e+02	5.397200000000000886e-01	nan	3.049286285380389816e-02	8.783508544310777988e-02	2.931103814150297533e-03
nan	5.663600000000000136e+02	5.663600000000000856e-01	nan	3.011878486117779835e-02	9.505971583723907270e-02	2.752060559860787254e-03
nan	7.296399999999999864e+02	7.296400000000000663e-01	nan	3.048043640896708206e-02	8.529185242861592187e-02	3.785489539540698532e-03
nan	7.643600000000000136e+02	7.643599999999999284e-01	nan	2.890237085007242926e-02	8.907163191058395380e-02	3.751037614577654861e-03
nan	5.316800000000000637e+02	5.316799999999999304e-01	nan	3.110680632710909749e-02	8.815736023946982303e-02	2.983234962788685555e-03
nan	5.496000000000000227e+02	5.496000000000000885e-01	nan	3.166274262689740271e-02	8.358018675587206014e-02	2.901405965676495495e-03
nan	7.113199999999999363e+02	7.113199999999999523e-01	nan	3.154443104168535433e-02	8.816149652200934439e-02	4.023234027579469622e-03
nan	7.271200000000000045e+02	7.271199999999998775e-01	nan	3.143111890597197200e-02	8.581517459905534106e-02	3.910666340573456731e-03
nan	4.903199999999999932e+02	4.903199999999999781e-01	nan	3.158955604634570979e-02	8.928872782708743849e-02	2.938416987997527659e-03
nan	5.163600000000000136e+02	5.163599999999999302e-01	nan	3.175205020624503188e-02	8.740705062317065399e-02	2.822849064360681819e-03
nan	6.653600000000000136e+02	6.653599999999999515e-01	nan	3.224631561742739849e-02	8.690219022234806079e-02	3.748315106987227998e-03
nan	6.816000000000000227e+02	6.815999999999999837e-01	nan	3.213823562071184414e-02	9.304699261842300229e-02	3.960768055850572358e-03
nan	4.177199999999999704e+02	4.177199999999999802e-01	nan	3.108968123275417453e-02	8.753768166372702386e-02	3.077812593791193815e-03
nan	4.346000000000000227e+02	4.345999999999999308e-01	nan	3.259275121711994322e-02	8.255582216302707887e-02	2.923125172868665939e-03
nan	5.577599999999999909e+02	5.577599999999999225e-01	nan	3.314067029612829257e-02	8.563318082489163041e-02	3.984042737582917625e-03
nan	5.851200000000000045e+02	5.851199999999999735e-01	nan	3.263651334078986055e-02	8.750356913955069371e-02	3.989769831155598120e-03
nan	3.233999999999999773e+02	3.233999999999999653e-01	nan	3.367571631702276358e-02	8.521126468780196306e-02	3.174161035678189132e-03
nan	3.472800000000000296e+02	3.472800000000000331e-01	nan	3.382791932774693866e-02	8.574069642743060993e-02	2.915503455610277649e-03
nan	4.433600000000000136e+02	4.433600000000000319e-01	nan	3.458836708501621116e-02	8.662647814516730160e-02	3.987938996222482012e-03
nan	4.682800000000000296e+02	4.682800000000000296e-01	nan	3.383519681840084503e-02	8.252915021266624129e-02	3.932810487275482242e-03
nan	2.392400000000000091e+02	2.392399999999999805e-01	nan	3.350567355717885137e-02	8.546472537473560893e-02	2.905715125065526632e-03
nan	2.577599999999999909e+02	2.577599999999999891e-01	nan	3.456548686596647851e-02	8.520574736958372308e-02	2.859327573540753134e-03
nan	3.341599999999999682e+02	3.341600000000000681e-01	nan	3.449982943959867265e-02	8.424040128729133603e-02	3.992369815373493502e-03
nan	3.482800000000000296e+02	3.482800000000000340e-01	nan	3.505223734037486022e-02	8.603044148308762462e-02	3.893059480536606963e-03
nan	1.649599999999999795e+02	1.649600000000000233e-01	nan	3.138370708520839270e-02	8.835239317300563888e-02	2.777585492519492154e-03
nan	1.785600000000000023e+02	1.785599999999999965e-01	nan	3.495987438558927074e-02	7.744143376657330879e-02	2.706627937508798536e-03
nan	2.261599999999999966e+02	2.261599999999999999e-01	nan	3.562438175481020403e-02	9.402426132242255874e-02	3.767407730539175988e-03
nan	2.410000000000000000e+02	2.410000000000000198e-01	nan	3.506216104905889031e-02	8.370859608996553125e-02	4.026549590258454887e-03
nan	1.016799999999999926e+02	1.016799999999999926e-01	nan	3.427850423861654450e-02	7.492032063384293505e-02	3.170986339603558586e-03
nan	1.083200000000000074e+02	1.083200000000000135e-01	nan	3.590198416292537248e-02	8.373509548294100213e-02	2.911140298363719143e-03
nan	1.404399999999999977e+02	1.404400000000000093e-01	nan	3.623323064563920004e-02	8.014227210452515293e-02	3.814559709957450386e-03
nan	1.461999999999999886e+02	1.461999999999999966e-01	nan	3.175409425033080824e-02	8.734076282923156076e-02	3.781741046763613303e-03
nan	5.412000000000000455e+01	5.412000000000000144e-02	nan	3.397048566726425245e-02	7.586801019361386067e-02	2.616931840560212438e-03
nan	6.143999999999999773e+01	6.143999999999999462e-02	nan	3.511491035215499185e-02	8.132024316499503191e-02	2.860420679841766452e-03
nan	7.556000000000000227e+01	7.555999999999998828e-02	nan	3.575073445006410333e-02	8.728968541011139504e-02	4.033531733300605923e-03
nan	7.803999999999999204e+01	7.803999999999999826e-02	nan	3.486386067398257460e-02	8.914836281826196696e-02	3.830193558606183411e-03
nan	2.951999999999999957e+01	2.952000000000000110e-02	nan	2.605855595863689617e-02	8.321163537566797497e-02	2.637428546224640426e-03
nan	3.036000000000000298e+01	3.035999999999999810e-02	nan	2.969076992324517009e-02	6.579670079430044449e-02	1.921373173407658983e-03
nan	4.079999999999999716e+01	4.080000000000000293e-02	nan	3.345964708526594222e-02	7.707092008810112471e-02	4.230119381598740520e-03
nan	4.256000000000000227e+01	4.256000000000000061e-02	nan	3.209603673573156041e-02	9.212231951964802712e-02	3.789430163903943685e-03
nan	1.471999999999999886e+01	1.472000000000000218e-02	nan	2.695707038416254517e-02	9.793571483284140011e-02	3.131388910149786840e-03
nan	1.431999999999999851e+01	1.431999999999999940e-02	nan	2.731713008916734214e-02	9.595553371038058332e-02	3.011834433553021301e-03
nan	1.975999999999999801e+01	1.975999999999999979e-02	nan	2.819870484707224373e-02	8.319122723329826219e-02	3.437565514589604500e-03
nan	2.067999999999999972e+01	2.068000000000000047e-02	nan	3.200006818468024983e-02	7.183739230659186292e-02	4.334905101316144718e-03
nan	8.640000000000000568e+00	8.640000000000000110e-03	nan	2.896351581956065763e-02	1.006812569592577533e-01	3.268085321634019765e-03
nan	8.919999999999999929e+00	8.919999999999999110e-03	nan	2.893165019885778760e-02	1.114634722953648793e-01	3.085454728444612417e-03
nan	1.172000000000000064e+01	1.172000000000000125e-02	nan	2.852162612113825352e-02	9.245902535123186328e-02	4.232403077143407147e-03
nan	1.264000000000000057e+01	1.264000000000000193e-02	nan	2.777517422078944545e-02	9.416852312005634384e-02	4.271207968487246084e-03
nan	5.560000000000000497e+00	5.560000000000000706e-03	nan	2.860523716694947718e-02	8.685434137310055203e-02	3.162171609762354837e-03
nan	5.200000000000000178e+00	5.200000000000000629e-03	nan	2.803020616616910127e-02	9.286651345189408935e-02	3.187142342663294020e-03
nan	7.200000000000000178e+00	7.200000000000000670e-03	nan	2.845675723789969219e-02	9.792353888304436427e-02	4.074571127978541749e-03
nan	8.000000000000000000e+00	8.000000000000000167e-03	nan	2.985566142906220799e-02	8.837789236557722083e-02	4.396529963341474015e-03
nan	3.679999999999999716e+00	3.680000000000000545e-03	nan	2.735998811203589273e-02	9.247628710975545896e-02	3.663261260191452706e-03
nan	4.320000000000000284e+00	4.319999999999999188e-03	nan	2.893218567624467746e-02	1.071012556631348450e-01	3.066022902074716418e-03
nan	4.279999999999999361e+00	4.279999999999999950e-03	nan	2.729953552940677167e-02	1.031278996136318626e-01	3.837869306134024210e-03
nan	4.639999999999999680e+00	4.640000000000000027e-03	nan	2.830594315399203101e-02	1.011652708953952179e-01	4.234692352802591798e-03
nan	2.520000000000000018e+00	2.520000000000000104e-03	nan	3.130728520969529305e-02	9.106785661505548135e-02	2.797374611595753249e-03
nan	2.399999999999999911e+00	2.400000000000000223e-03	nan	2.606827862695070691e-02	8.661398475896883720e-02	2.809537682486364703e-03
nan	2.760000000000000231e+00	2.760000000000000300e-03	nan	2.983736149377955865e-02	1.010370259042383811e-01	4.243951778006899503e-03
nan	2.919999999999999929e+00	2.920000000000000286e-03	nan	2.770084570647325314e-02	7.944683610606829982e-02	3.674347676740570383e-03
nan	1.680000000000000160e+00	1.679999999999999853e-03	nan	3.141273917875762878e-02	9.952364169738923960e-02	3.559256990976409664e-03
nan	1.960000000000000187e+00	1.959999999999999937e-03	nan	2.542446464693860417e-02	7.721826828786357289e-02	3.238026761039647285e-03
nan	2.760000000000000231e+00	2.759999999999999433e-03	nan	3.236050351078204740e-02	9.468412645084092749e-02	3.494634426009884855e-03
nan	2.760000000000000231e+00	2.759999999999999433e-03	nan	2.713671309986441862e-02	1.045418056984706856e-01	4.127365204942585498e-03
nan	1.359999999999999876e+00	1.360000000000000098e-03	nan	2.520852781419013339e-02	8.892160347940744614e-02	3.532995541931398340e-03
nan	2.000000000000000000e+00	2.000000000000000042e-03	nan	2.988813197003997030e-02	7.474383589821580187e-02	3.343845878421927882e-03
nan	2.479999999999999982e+00	2.480000000000000000e-03	nan	3.003931881215882865e-02	1.083992324175477029e-01	3.957962807611545980e-03
nan	2.000000000000000000e+00	2.000000000000000042e-03	nan	2.934232081693681146e-02	9.874923927707832116e-02	3.919274185867170981e-03
nan	1.119999999999999885e+00	1.119999999999999902e-03	nan	3.117153310942670855e-02	6.057984052693711485e-02	3.287115138549809822e-03
nan	1.560000000000000053e+00	1.559999999999999972e-03	nan	3.400976495008158768e-02	9.841705891478667867e-02	2.677915702203380842e-03
nan	1.919999999999999929e+00	1.920000000000000265e-03	nan	3.088363882833723359e-02	9.403743522698482238e-02	3.779362884232310288e-03
nan	1.960000000000000187e+00	1.959999999999999937e-03	nan	2.813065526567650604e-02	8.608294621634142441e-02	3.951145221984057529e-03
nan	1.159999999999999920e+00	1.160000000000000007e-03	nan	2.385266453296152472e-02	6.925231238125814648e-02	2.449118440777955062e-03
nan	1.199999999999999956e+00	1.200000000000000112e-03	nan	2.909853772020100024e-02	5.601126145993571420e-02	2.684222315636520823e-03
nan	1.520000000000000018e+00	1.520000000000000084e-03	nan	2.645673672219977027e-02	9.703410392114290850e-02	4.330967621266932667e-03
nan	2.360000000000000320e+00	2.360000000000000119e-03	nan	3.212799298025718897e-02	8.201342192808397380e-02	4.434379583700225752e-03
