# SourcePhotonFlux	NumberRaysSurvived	PercentageRaysSurvived	PhotonFlux	Bandwidth	HorizontalFocusFWHM	VerticalFocusFWHM
nan	0.000000000000000000e+00	0.000000000000000000e+00	0.000000000000000000e+00	0.000000000000000000e+00	0.000000000000000000e+00	0.000000000000000000e+00
nan	0.000000000000000000e+00	0.000000000000000000e+00	0.000000000000000000e+00	0.000000000000000000e+00	0.000000000000000000e+00	0.000000000000000000e+00
nan	0.000000000000000000e+00	0.000000000000000000e+00	0.000000000000000000e+00	0.000000000000000000e+00	0.000000000000000000e+00	0.000000000000000000e+00
nan	0.000000000000000000e+00	0.000000000000000000e+00	0.000000000000000000e+00	0.000000000000000000e+00	0.000000000000000000e+00	0.000000000000000000e+00
nan	0.000000000000000000e+00	0.000000000000000000e+00	0.000000000000000000e+00	0.000000000000000000e+00	0.000000000000000000e+00	0.000000000000000000e+00
nan	0.000000000000000000e+00	0.000000000000000000e+00	0.000000000000000000e+00	0.000000000000000000e+00	0.000000000000000000e+00	0.000000000000000000e+00
nan	0.000000000000000000e+00	0.000000000000000000e+00	0.000000000000000000e+00	0.000000000000000000e+00	0.000000000000000000e+00	0.000000000000000000e+00
nan	0.000000000000000000e+00	0.000000000000000000e+00	0.000000000000000000e+00	0.000000000000000000e+00	0.000000000000000000e+00	0.000000000000000000e+00
nan	0.000000000000000000e+00	0.000000000000000000e+00	0.000000000000000000e+00	0.000000000000000000e+00	0.000000000000000000e+00	0.000000000000000000e+00
nan	0.000000000000000000e+00	0.000000000000000000e+00	0.000000000000000000e+00	0.000000000000000000e+00	0.000000000000000000e+00	0.000000000000000000e+00
nan	0.000000000000000000e+00	0.000000000000000000e+00	0.000000000000000000e+00	0.000000000000000000e+00	0.000000000000000000e+00	0.000000000000000000e+00
nan	0.000000000000000000e+00	0.000000000000000000e+00	0.000000000000000000e+00	0.000000000000000000e+00	0.000000000000000000e+00	0.000000000000000000e+00
nan	4.403125000000000000e+02	4.403124999999999956e-01	nan	1.550930660032934227e-02	2.702746507418660182e-01	1.682157082270019366e-02
nan	8.093750000000000000e+02	8.093750000000000666e-01	nan	1.630558670563342361e-02	2.664821362630084289e-01	1.556678740454797705e-02
nan	1.354625000000000000e+03	1.354624999999999968e+00	nan	1.690938431168476086e-02	2.643346236268966365e-01	1.523807619821493375e-02
nan	2.054375000000000000e+03	2.054374999999999840e+00	nan	1.724021429319488874e-02	2.700838399534524203e-01	1.495453997310725036e-02
nan	2.805750000000000000e+03	2.805749999999999744e+00	nan	1.793312233631283448e-02	2.548331636648095144e-01	1.431793307931283898e-02
nan	3.472812500000000000e+03	3.472812499999999858e+00	nan	1.843995102821516241e-02	2.567745858352565858e-01	1.447837227937054383e-02
nan	4.165875000000000000e+03	4.165874999999999773e+00	nan	1.880494970379498199e-02	2.585168884130361611e-01	1.405123708714295372e-02
nan	4.884750000000000000e+03	4.884750000000000369e+00	nan	1.937584771079681190e-02	2.579737728440415490e-01	1.435038765552820728e-02
nan	5.675812500000000000e+03	5.675812500000000149e+00	nan	1.997481719576121861e-02	2.698044729210209436e-01	1.335916494012168165e-02
nan	6.362250000000000000e+03	6.362250000000000405e+00	nan	2.043082140872609642e-02	2.483815082525522022e-01	1.344310303932927386e-02
nan	6.954125000000000000e+03	6.954125000000000334e+00	nan	2.094480299969347925e-02	2.663465983362142131e-01	1.348535733149436311e-02
nan	7.546125000000000000e+03	7.546124999999999972e+00	nan	2.131032849273140073e-02	2.645081641667035854e-01	1.306790836583510140e-02
nan	8.152000000000000000e+03	8.151999999999999247e+00	nan	2.189765493539219676e-02	2.540696783167528672e-01	1.253636051669199114e-02
nan	8.617437500000000000e+03	8.617437499999999417e+00	nan	2.236293001327016583e-02	2.557559080943662688e-01	1.258808536484284923e-02
nan	8.831312500000000000e+03	8.831312499999999233e+00	nan	2.293407902778099583e-02	2.689584148869561542e-01	1.239088192509774089e-02
nan	9.133625000000000000e+03	9.133624999999998550e+00	nan	2.331875514802206339e-02	2.649820466067671076e-01	1.201787353239658351e-02
nan	9.306500000000000000e+03	9.306499999999997996e+00	nan	2.393415192811243486e-02	2.602128023195708906e-01	1.239954710584752207e-02
nan	9.490812500000000000e+03	9.490812500000000540e+00	nan	2.436660765033682452e-02	2.576606790767507760e-01	1.187127591089407255e-02
nan	9.508875000000000000e+03	9.508874999999999744e+00	nan	2.493406311203916204e-02	2.629783055992795937e-01	1.191982234016314424e-02
nan	9.491687500000000000e+03	9.491687499999999389e+00	nan	2.531669745588871479e-02	2.643009604770043541e-01	1.162668535366311040e-02
nan	9.448312500000000000e+03	9.448312500000000114e+00	nan	2.592997007516828489e-02	2.653011635478007002e-01	1.141695891001323626e-02
nan	9.402500000000000000e+03	9.402499999999999858e+00	nan	2.644766490460792596e-02	2.730683392803053833e-01	1.157048919737524439e-02
nan	9.387562500000000000e+03	9.387562500000001364e+00	nan	2.688191105188053598e-02	2.510148692553435534e-01	1.122253861607774850e-02
nan	9.315250000000000000e+03	9.315249999999998920e+00	nan	2.733625262115779719e-02	2.654182205946654660e-01	1.138573634920869715e-02
nan	9.223437500000000000e+03	9.223437499999999289e+00	nan	2.786387592213035447e-02	2.642841526592596413e-01	1.065548557744033786e-02
nan	9.154500000000000000e+03	9.154500000000000526e+00	nan	2.593720101870888167e-02	2.640850075933504071e-01	1.071141576033224352e-02
nan	9.072937500000000000e+03	9.072937500000000099e+00	nan	2.894199348221082602e-02	2.540774153331840091e-01	1.067220147254860363e-02
nan	9.018875000000000000e+03	9.018874999999999531e+00	nan	2.937905126806139577e-02	2.492904538790344515e-01	1.044841238091648306e-02
nan	8.974812500000000000e+03	8.974812500000000526e+00	nan	2.982574599947618310e-02	2.524763860718021724e-01	1.054447050351281501e-02
nan	8.988500000000000000e+03	8.988500000000000156e+00	nan	3.011654188267698373e-02	2.588907025617457336e-01	9.840613011007470767e-03
nan	8.973437500000000000e+03	8.973437500000001066e+00	nan	3.089174157741858551e-02	2.612287753798132051e-01	9.908563684565607765e-03
nan	8.967187500000000000e+03	8.967187500000001421e+00	nan	3.141691021257031480e-02	2.783178997844386604e-01	1.006615633004892540e-02
nan	8.932812500000000000e+03	8.932812500000000711e+00	nan	3.189174536121797132e-02	2.714409733111189382e-01	1.025177786062692054e-02
nan	8.953000000000000000e+03	8.953000000000001180e+00	nan	3.232873408361314205e-02	2.750421894187218275e-01	9.997235484381250537e-03
nan	8.911437500000000000e+03	8.911437499999999901e+00	nan	3.196200175059082937e-02	2.638401536068217812e-01	9.944611461659480511e-03
nan	8.933187500000000000e+03	8.933187499999998948e+00	nan	3.345335415125738621e-02	2.584120399550157710e-01	9.454887802974099031e-03
nan	8.929875000000000000e+03	8.929874999999999119e+00	nan	3.391585115435624687e-02	2.504391642192054235e-01	9.544295811259484452e-03
nan	8.892875000000000000e+03	8.892875000000000085e+00	nan	3.437833993519490150e-02	2.657334072786992074e-01	9.533652719448060253e-03
nan	8.915750000000000000e+03	8.915749999999999176e+00	nan	3.494640731634035546e-02	2.652693750114725191e-01	9.501919916901968577e-03
nan	8.943687500000000000e+03	8.943687499999999346e+00	nan	3.546052619644513015e-02	2.717959049088656265e-01	9.550099149486013239e-03
nan	8.972062500000000000e+03	8.972062499999999829e+00	nan	3.550827275880941158e-02	2.765412055654705714e-01	9.568385061916706569e-03
nan	8.889250000000000000e+03	8.889250000000000540e+00	nan	3.634438195309641628e-02	2.617462744217616821e-01	9.144214267187589229e-03
nan	8.852500000000000000e+03	8.852499999999999147e+00	nan	3.687798858034518901e-02	2.616128975375284216e-01	9.110741373558495226e-03
nan	8.796250000000000000e+03	8.796250000000000568e+00	nan	3.724393072871201582e-02	2.573508740873704514e-01	9.266478984853776524e-03
nan	8.750125000000000000e+03	8.750125000000000597e+00	nan	3.791950792978227014e-02	2.669309231269275107e-01	9.552285395751702879e-03
nan	8.692687500000000000e+03	8.692687499999999901e+00	nan	3.837774985743713785e-02	2.590597257879464488e-01	8.856935804593124573e-03
nan	8.642250000000000000e+03	8.642250000000000654e+00	nan	3.875516353494390387e-02	2.558805122415711564e-01	9.066526320840040398e-03
nan	8.586125000000000000e+03	8.586125000000000895e+00	nan	3.944295625249516490e-02	2.630897577380361119e-01	9.068929436267803013e-03
nan	8.552187500000000000e+03	8.552187500000000497e+00	nan	3.994317359433630088e-02	2.461815141943029805e-01	8.574556100503283318e-03
nan	8.492437500000000000e+03	8.492437499999999417e+00	nan	4.037645575519910324e-02	2.796566516041051331e-01	8.842427593668489294e-03
nan	8.358687500000000000e+03	8.358687499999998494e+00	nan	4.090568540504158079e-02	2.629162183004100095e-01	8.926361965365448015e-03
nan	8.206125000000000000e+03	8.206125000000000114e+00	nan	4.138200496729460554e-02	2.653979023561732209e-01	8.646502796872734820e-03
nan	8.039500000000000000e+03	8.039500000000000313e+00	nan	4.175765995600855263e-02	2.665789591568762384e-01	8.760171230386859520e-03
nan	7.835750000000000000e+03	7.835749999999999993e+00	nan	4.211573287942016464e-02	2.642923290566235872e-01	8.573875965658839249e-03
nan	7.694375000000000000e+03	7.694374999999999964e+00	nan	4.292591264277589858e-02	2.634576859602075216e-01	8.878880384757925626e-03
nan	7.531125000000000000e+03	7.531124999999999403e+00	nan	4.338873824091216136e-02	2.417262760914191122e-01	8.384281802902515679e-03
nan	7.261312500000000000e+03	7.261312500000000725e+00	nan	4.384137466881554701e-02	2.745402583649573236e-01	8.446903097482749700e-03
nan	6.931812500000000000e+03	6.931812499999999488e+00	nan	4.349585831128344182e-02	2.573884995723821345e-01	8.685269220856106642e-03
nan	6.607562500000000000e+03	6.607562499999999339e+00	nan	4.471895510785195427e-02	2.506162974813476718e-01	8.811767891695021504e-03
nan	6.338687500000000000e+03	6.338687499999999808e+00	nan	4.540814334602849556e-02	2.516255885875917642e-01	8.444408414846948929e-03
nan	5.874437500000000000e+03	5.874437499999999979e+00	nan	4.585564413013898388e-02	2.671140071800630067e-01	8.574085128515651633e-03
nan	3.505625000000000000e+02	3.505624999999999991e-01	nan	1.628951544346968205e-02	2.440749357927452512e-01	2.889123654853165135e-03
nan	0.000000000000000000e+00	0.000000000000000000e+00	0.000000000000000000e+00	0.000000000000000000e+00	0.000000000000000000e+00	0.000000000000000000e+00
nan	0.000000000000000000e+00	0.000000000000000000e+00	0.000000000000000000e+00	0.000000000000000000e+00	0.000000000000000000e+00	0.000000000000000000e+00
nan	0.000000000000000000e+00	0.000000000000000000e+00	0.000000000000000000e+00	0.000000000000000000e+00	0.000000000000000000e+00	0.000000000000000000e+00
nan	0.000000000000000000e+00	0.000000000000000000e+00	0.000000000000000000e+00	0.000000000000000000e+00	0.000000000000000000e+00	0.000000000000000000e+00
nan	0.000000000000000000e+00	0.000000000000000000e+00	0.000000000000000000e+00	0.000000000000000000e+00	0.000000000000000000e+00	0.000000000000000000e+00
nan	0.000000000000000000e+00	0.000000000000000000e+00	0.000000000000000000e+00	0.000000000000000000e+00	0.000000000000000000e+00	0.000000000000000000e+00
nan	0.000000000000000000e+00	0.000000000000000000e+00	0.000000000000000000e+00	0.000000000000000000e+00	0.000000000000000000e+00	0.000000000000000000e+00
nan	0.000000000000000000e+00	0.000000000000000000e+00	0.000000000000000000e+00	0.000000000000000000e+00	0.000000000000000000e+00	0.000000000000000000e+00
nan	0.000000000000000000e+00	0.000000000000000000e+00	0.000000000000000000e+00	0.000000000000000000e+00	0.000000000000000000e+00	0.000000000000000000e+00
nan	0.000000000000000000e+00	0.000000000000000000e+00	0.000000000000000000e+00	0.000000000000000000e+00	0.000000000000000000e+00	0.000000000000000000e+00
nan	0.000000000000000000e+00	0.000000000000000000e+00	0.000000000000000000e+00	0.000000000000000000e+00	0.000000000000000000e+00	0.000000000000000000e+00
nan	0.000000000000000000e+00	0.000000000000000000e+00	0.000000000000000000e+00	0.000000000000000000e+00	0.000000000000000000e+00	0.000000000000000000e+00
nan	0.000000000000000000e+00	0.000000000000000000e+00	0.000000000000000000e+00	0.000000000000000000e+00	0.000000000000000000e+00	0.000000000000000000e+00
nan	0.000000000000000000e+00	0.000000000000000000e+00	0.000000000000000000e+00	0.000000000000000000e+00	0.000000000000000000e+00	0.000000000000000000e+00
nan	0.000000000000000000e+00	0.000000000000000000e+00	0.000000000000000000e+00	0.000000000000000000e+00	0.000000000000000000e+00	0.000000000000000000e+00
nan	0.000000000000000000e+00	0.000000000000000000e+00	0.000000000000000000e+00	0.000000000000000000e+00	0.000000000000000000e+00	0.000000000000000000e+00
nan	0.000000000000000000e+00	0.000000000000000000e+00	0.000000000000000000e+00	0.000000000000000000e+00	0.000000000000000000e+00	0.000000000000000000e+00
nan	0.000000000000000000e+00	0.000000000000000000e+00	0.000000000000000000e+00	0.000000000000000000e+00	0.000000000000000000e+00	0.000000000000000000e+00
nan	4.221250000000000000e+02	4.221249999999999725e-01	nan	1.546252480401077989e-02	2.622605923154519569e-01	1.487211264504484376e-02
nan	7.878125000000000000e+02	7.878125000000000266e-01	nan	1.629502965952944749e-02	2.694077796605710007e-01	1.521329089369816145e-02
nan	1.296562500000000000e+03	1.296562499999999840e+00	nan	1.681222025602036041e-02	2.659441558653508619e-01	1.513876735827812681e-02
nan	1.958312500000000000e+03	1.958312499999999901e+00	nan	1.732734252607492920e-02	2.705870358078996119e-01	1.558697095480221506e-02
nan	2.732875000000000000e+03	2.732874999999999943e+00	nan	1.774358267799147626e-02	2.743991978125408515e-01	1.526489596841007490e-02
nan	3.347125000000000000e+03	3.347124999999999684e+00	nan	1.839782756338248504e-02	2.653444245614868802e-01	1.532045466744769158e-02
nan	4.037000000000000000e+03	4.036999999999999922e+00	nan	1.867935279893906397e-02	2.614249971739730505e-01	1.405729569096381137e-02
nan	4.748500000000000000e+03	4.748499999999999943e+00	nan	1.939412995043277022e-02	2.596475476991981779e-01	1.336658536657309160e-02
nan	5.508625000000000000e+03	5.508624999999999439e+00	nan	1.987300220707854947e-02	2.597632236874793943e-01	1.337892334433232744e-02
nan	6.176562500000000000e+03	6.176562499999999289e+00	nan	2.028489207568906494e-02	2.694025572821575620e-01	1.426036675787234476e-02
nan	6.754687500000000000e+03	6.754687499999999289e+00	nan	2.091891042476579088e-02	2.675517314262386148e-01	1.344593561790341507e-02
nan	7.311312500000000000e+03	7.311312500000000547e+00	nan	2.143268902487971417e-02	2.581114810806270921e-01	1.332801193347138424e-02
nan	7.881062500000000000e+03	7.881062500000000526e+00	nan	2.191852685919304378e-02	2.608475994274006560e-01	1.278035265933918918e-02
nan	8.372625000000000000e+03	8.372625000000001094e+00	nan	2.247037436427135049e-02	2.661297341371062219e-01	1.253024540181929547e-02
nan	8.560750000000000000e+03	8.560750000000000526e+00	nan	2.293340145988320700e-02	2.635400737523942438e-01	1.242427276349575282e-02
nan	8.806312500000000000e+03	8.806312500000000654e+00	nan	2.345591161682314407e-02	2.567715063112844254e-01	1.212028730167008517e-02
nan	8.986875000000000000e+03	8.986874999999999503e+00	nan	2.366178839799726319e-02	2.676214735602471251e-01	1.191428368307384522e-02
nan	9.212250000000000000e+03	9.212250000000000938e+00	nan	2.444751942622236385e-02	2.573178017695977871e-01	1.149596956142917223e-02
nan	9.183000000000000000e+03	9.182999999999999829e+00	nan	2.485051747889333029e-02	2.736128660512149868e-01	1.161750004647409823e-02
nan	9.168250000000000000e+03	9.168250000000000455e+00	nan	2.528588570118817103e-02	2.572166801432985150e-01	1.141386561257158594e-02
nan	9.160875000000000000e+03	9.160875000000000767e+00	nan	2.590253631408678814e-02	2.659209762917204012e-01	1.225634194584945824e-02
nan	9.122312500000000000e+03	9.122312499999999602e+00	nan	2.637236504095419320e-02	2.673065703424313821e-01	1.098103349047746535e-02
nan	9.067875000000000000e+03	9.067875000000000796e+00	nan	2.695971725659607188e-02	2.669634827183154924e-01	1.057488100187012336e-02
nan	8.979437500000000000e+03	8.979437500000001293e+00	nan	2.726289372622936469e-02	2.648296544775106676e-01	1.113750720594564037e-02
nan	8.910250000000000000e+03	8.910249999999999559e+00	nan	2.787231067180861999e-02	2.604760978275567074e-01	1.061604145143113520e-02
nan	8.854312500000000000e+03	8.854312499999998920e+00	nan	2.843948192928458241e-02	2.569757621768193889e-01	1.106211385457689378e-02
nan	8.806812500000000000e+03	8.806812499999999488e+00	nan	2.889712565242064102e-02	2.650255054912588615e-01	1.017991548885477382e-02
nan	8.758562500000000000e+03	8.758562500000000028e+00	nan	2.937086785243625542e-02	2.548517500257942991e-01	1.046271844604568235e-02
nan	8.729312500000000000e+03	8.729312499999998920e+00	nan	2.982634402434758414e-02	2.561572776051246336e-01	1.041862782137226162e-02
nan	8.694500000000000000e+03	8.694499999999999673e+00	nan	3.031694420064923179e-02	2.526296990291177491e-01	1.024026349508422307e-02
nan	8.705000000000000000e+03	8.705000000000000071e+00	nan	3.089050384899572066e-02	2.716875276042964305e-01	1.020686833871398136e-02
nan	8.680750000000000000e+03	8.680750000000001521e+00	nan	2.885246493586405420e-02	2.547798584704114022e-01	1.024664522088125640e-02
nan	8.663500000000000000e+03	8.663500000000000867e+00	nan	3.167271153207718015e-02	2.644945844432992632e-01	9.838989798072295123e-03
nan	8.661375000000000000e+03	8.661374999999999602e+00	nan	3.188810856387647164e-02	2.665676009386972467e-01	9.546854098611223804e-03
nan	8.632562500000000000e+03	8.632562500000000583e+00	nan	3.292830034215121771e-02	2.670777662555789411e-01	1.003379755734290502e-02
nan	8.645312500000000000e+03	8.645312499999999289e+00	nan	3.074323491727879235e-02	2.629971557355435530e-01	1.016192089337397686e-02
nan	8.647812500000000000e+03	8.647812500000000568e+00	nan	3.392560374369502085e-02	2.637291626057701177e-01	9.957767660128569176e-03
nan	8.622437500000000000e+03	8.622437500000000199e+00	nan	3.438128199448264866e-02	2.678334605010478930e-01	9.262542869264978052e-03
nan	8.639125000000000000e+03	8.639124999999999943e+00	nan	3.211658657448330373e-02	2.545890277876778907e-01	9.727780543774322553e-03
nan	8.667437500000000000e+03	8.667437500000000128e+00	nan	3.533831504526752099e-02	2.573709390420093612e-01	9.295897418007070812e-03
nan	8.662625000000000000e+03	8.662624999999998465e+00	nan	3.582151732759086826e-02	2.671023272286565664e-01	9.409543214789484189e-03
nan	8.633375000000000000e+03	8.633374999999999133e+00	nan	3.632612608272367538e-02	2.654452891997893804e-01	9.497900941581427503e-03
nan	8.575125000000000000e+03	8.575124999999999886e+00	nan	3.694431501404693563e-02	2.525340545943765558e-01	9.234884325923120585e-03
nan	8.535125000000000000e+03	8.535125000000000739e+00	nan	3.735112450095456893e-02	2.592391023742769418e-01	8.977938692452225311e-03
nan	8.429062500000000000e+03	8.429062500000000568e+00	nan	3.789568719364488913e-02	2.550147730711653238e-01	9.150025441011733207e-03
nan	8.444312500000000000e+03	8.444312500000000554e+00	nan	3.833586239625574876e-02	2.771133735212292226e-01	8.988371109921677871e-03
nan	8.366562500000000000e+03	8.366562500000000568e+00	nan	3.891710265657444268e-02	2.715516789804305331e-01	8.999740641981501810e-03
nan	8.359312500000000000e+03	8.359312499999999702e+00	nan	3.916508460258327773e-02	2.579179123605688240e-01	8.923446567727477685e-03
nan	8.248250000000000000e+03	8.248250000000002302e+00	nan	3.993161238840059468e-02	2.650670552034335437e-01	8.685197449985082585e-03
nan	8.196937500000000000e+03	8.196937499999998877e+00	nan	4.026717415016634050e-02	2.688413762546194019e-01	8.781374031000099833e-03
nan	8.109375000000000000e+03	8.109375000000000000e+00	nan	4.093222791518336123e-02	2.525638850729473583e-01	8.643306827557761807e-03
nan	7.956625000000000000e+03	7.956625000000000725e+00	nan	4.141112422787252001e-02	2.425170519617183273e-01	8.819307703758605399e-03
nan	7.765625000000000000e+03	7.765625000000000000e+00	nan	4.187132120458514351e-02	2.533431708769482427e-01	8.507916127174164345e-03
nan	7.624625000000000000e+03	7.624624999999999986e+00	nan	4.233066921100459012e-02	2.803500558761617967e-01	8.497323069608375690e-03
nan	7.452562500000000000e+03	7.452562499999999091e+00	nan	4.277712699490443526e-02	2.684350660587435655e-01	8.799565614683091397e-03
nan	7.290250000000000000e+03	7.290250000000000341e+00	nan	4.335666940793281299e-02	2.612297897588881090e-01	8.603293254069388496e-03
nan	6.986375000000000000e+03	6.986374999999999780e+00	nan	4.385764024510940828e-02	2.492997555402862164e-01	8.462336899740519058e-03
nan	6.713562500000000000e+03	6.713562500000000099e+00	nan	4.439668890884540531e-02	2.489139850602959114e-01	8.270407537048329871e-03
nan	6.441687500000000000e+03	6.441687499999999567e+00	nan	4.472891308463466942e-02	2.708680539732963855e-01	8.498980809093170663e-03
nan	6.150875000000000000e+03	6.150875000000000092e+00	nan	4.522485369638395980e-02	2.666482413778657468e-01	8.031010693499318620e-03
nan	5.696687500000000000e+03	5.696687499999999460e+00	nan	4.571665943198865989e-02	2.614372696148810071e-01	8.830360593162778216e-03
nan	3.159375000000000000e+02	3.159374999999999822e-01	nan	1.488504455416439498e-02	2.555519616022561280e-01	2.549844264667200378e-03
nan	0.000000000000000000e+00	0.000000000000000000e+00	0.000000000000000000e+00	0.000000000000000000e+00	0.000000000000000000e+00	0.000000000000000000e+00
nan	0.000000000000000000e+00	0.000000000000000000e+00	0.000000000000000000e+00	0.000000000000000000e+00	0.000000000000000000e+00	0.000000000000000000e+00
nan	0.000000000000000000e+00	0.000000000000000000e+00	0.000000000000000000e+00	0.000000000000000000e+00	0.000000000000000000e+00	0.000000000000000000e+00
nan	0.000000000000000000e+00	0.000000000000000000e+00	0.000000000000000000e+00	0.000000000000000000e+00	0.000000000000000000e+00	0.000000000000000000e+00
nan	0.000000000000000000e+00	0.000000000000000000e+00	0.000000000000000000e+00	0.000000000000000000e+00	0.000000000000000000e+00	0.000000000000000000e+00
nan	0.000000000000000000e+00	0.000000000000000000e+00	0.000000000000000000e+00	0.000000000000000000e+00	0.000000000000000000e+00	0.000000000000000000e+00
nan	0.000000000000000000e+00	0.000000000000000000e+00	0.000000000000000000e+00	0.000000000000000000e+00	0.000000000000000000e+00	0.000000000000000000e+00
nan	0.000000000000000000e+00	0.000000000000000000e+00	0.000000000000000000e+00	0.000000000000000000e+00	0.000000000000000000e+00	0.000000000000000000e+00
nan	0.000000000000000000e+00	0.000000000000000000e+00	0.000000000000000000e+00	0.000000000000000000e+00	0.000000000000000000e+00	0.000000000000000000e+00
nan	0.000000000000000000e+00	0.000000000000000000e+00	0.000000000000000000e+00	0.000000000000000000e+00	0.000000000000000000e+00	0.000000000000000000e+00
nan	0.000000000000000000e+00	0.000000000000000000e+00	0.000000000000000000e+00	0.000000000000000000e+00	0.000000000000000000e+00	0.000000000000000000e+00
nan	0.000000000000000000e+00	0.000000000000000000e+00	0.000000000000000000e+00	0.000000000000000000e+00	0.000000000000000000e+00	0.000000000000000000e+00
nan	0.000000000000000000e+00	0.000000000000000000e+00	0.000000000000000000e+00	0.000000000000000000e+00	0.000000000000000000e+00	0.000000000000000000e+00
nan	0.000000000000000000e+00	0.000000000000000000e+00	0.000000000000000000e+00	0.000000000000000000e+00	0.000000000000000000e+00	0.000000000000000000e+00
nan	0.000000000000000000e+00	0.000000000000000000e+00	0.000000000000000000e+00	0.000000000000000000e+00	0.000000000000000000e+00	0.000000000000000000e+00
nan	0.000000000000000000e+00	0.000000000000000000e+00	0.000000000000000000e+00	0.000000000000000000e+00	0.000000000000000000e+00	0.000000000000000000e+00
nan	0.000000000000000000e+00	0.000000000000000000e+00	0.000000000000000000e+00	0.000000000000000000e+00	0.000000000000000000e+00	0.000000000000000000e+00
nan	0.000000000000000000e+00	0.000000000000000000e+00	0.000000000000000000e+00	0.000000000000000000e+00	0.000000000000000000e+00	0.000000000000000000e+00
nan	3.160625000000000000e+02	3.160625000000000240e-01	nan	1.521065018367284694e-02	2.369504995409559833e-01	1.594098589952719358e-02
nan	5.725000000000000000e+02	5.725000000000000089e-01	nan	1.626483579750370723e-02	2.609089937245606672e-01	1.552057533150019708e-02
nan	9.627500000000000000e+02	9.627499999999999947e-01	nan	1.534746863696589969e-02	2.669127127570136704e-01	1.510507134400063123e-02
nan	1.454000000000000000e+03	1.453999999999999959e+00	nan	1.684847810099032728e-02	2.503207912882974284e-01	1.445146210619197014e-02
nan	2.015625000000000000e+03	2.015625000000000000e+00	nan	1.772813928738425915e-02	2.767198758162166539e-01	1.520026845614474986e-02
nan	2.490375000000000000e+03	2.490374999999999783e+00	nan	1.834882885812394449e-02	2.639371061885028569e-01	1.402304404840182261e-02
nan	2.988562500000000000e+03	2.988562500000000011e+00	nan	1.881735868581291271e-02	2.475340192347350587e-01	1.418846575753895944e-02
nan	3.524312500000000000e+03	3.524312500000000181e+00	nan	1.941537586085750888e-02	2.649038489863074775e-01	1.405380915246445817e-02
nan	4.073687500000000000e+03	4.073687500000000128e+00	nan	1.974976508069481440e-02	2.615480642274771728e-01	1.348719272582932227e-02
nan	4.564250000000000000e+03	4.564249999999999474e+00	nan	2.014436027046961897e-02	2.626737789256904931e-01	1.295305663914692040e-02
nan	5.003375000000000000e+03	5.003375000000000128e+00	nan	2.091041474567756353e-02	2.595809818212511111e-01	1.308356736681048904e-02
nan	5.412312500000000000e+03	5.412312499999999638e+00	nan	2.145498423641178931e-02	2.581047266350623426e-01	1.302226568944908625e-02
nan	5.825375000000000000e+03	5.825375000000000192e+00	nan	2.190018229121282189e-02	2.685650353771340537e-01	1.263614791019179728e-02
nan	6.174875000000000000e+03	6.174875000000000114e+00	nan	2.243785300815748229e-02	2.746662143513162180e-01	1.266399548916569140e-02
nan	6.336937500000000000e+03	6.336937499999999446e+00	nan	2.293263713748761035e-02	2.573762435366322432e-01	1.258974964067183233e-02
nan	6.514000000000000000e+03	6.513999999999999346e+00	nan	2.344714875409703581e-02	2.645174354612037648e-01	1.226904801721842575e-02
nan	6.676625000000000000e+03	6.676625000000000476e+00	nan	2.392190863242138477e-02	2.705447699752323021e-01	1.201516358021417763e-02
nan	6.780562500000000000e+03	6.780562499999999382e+00	nan	2.444551343672163313e-02	2.676334009997976549e-01	1.182292090262945794e-02
nan	6.802625000000000000e+03	6.802624999999999922e+00	nan	2.495173649408322092e-02	2.782202914960686391e-01	1.119600838577355234e-02
nan	6.798187500000000000e+03	6.798187500000000050e+00	nan	2.541849473425106254e-02	2.614139151259893268e-01	1.125766779988002231e-02
nan	6.766250000000000000e+03	6.766249999999999432e+00	nan	2.588932951861444565e-02	2.716384666143154547e-01	1.080269818557536010e-02
nan	6.751500000000000000e+03	6.751500000000000057e+00	nan	2.642969441863041169e-02	2.626809142734601865e-01	1.128585606989815360e-02
nan	6.710062500000000000e+03	6.710062500000001151e+00	nan	2.688495133745139043e-02	2.806790455557865993e-01	1.083223901286670121e-02
nan	6.672500000000000000e+03	6.672500000000000320e+00	nan	2.740544339578931954e-02	2.632281956165469228e-01	1.083815307538904538e-02
nan	6.582187500000000000e+03	6.582187499999999858e+00	nan	2.785295027836998116e-02	2.652392651464082207e-01	1.090685647564448857e-02
nan	6.578312500000000000e+03	6.578312500000000895e+00	nan	2.832862823114190576e-02	2.656413369197023200e-01	1.027556969032089595e-02
nan	6.499625000000000000e+03	6.499625000000000874e+00	nan	2.872425452574223215e-02	2.724544544373634913e-01	1.022302844816047607e-02
nan	6.454375000000000000e+03	6.454375000000000639e+00	nan	2.932447305518159908e-02	2.571868775597172530e-01	9.852621779211756525e-03
nan	6.458937500000000000e+03	6.458937499999999332e+00	nan	2.991085790221337248e-02	2.649763623270484647e-01	1.004874687904522279e-02
nan	6.413187500000000000e+03	6.413187500000000263e+00	nan	3.037716153869762792e-02	2.568747109661391193e-01	9.569863715677806582e-03
nan	6.411437500000000000e+03	6.411437499999999901e+00	nan	3.092611802217870576e-02	2.683942654675962602e-01	9.279564873027723593e-03
nan	6.409750000000000000e+03	6.409749999999999837e+00	nan	3.144346455124846784e-02	2.615785514727236860e-01	9.775969114875882049e-03
nan	6.366812500000000000e+03	6.366812499999999986e+00	nan	3.188856150756702590e-02	2.614870798093691939e-01	9.682093058295482280e-03
nan	6.386875000000000000e+03	6.386874999999999858e+00	nan	3.240570318080671086e-02	2.705727631008488232e-01	9.607933893801545722e-03
nan	6.397625000000000000e+03	6.397624999999999673e+00	nan	3.290889138781238898e-02	2.561499713777857790e-01	9.656589781292246322e-03
nan	6.387375000000000000e+03	6.387375000000000469e+00	nan	3.307875935117721156e-02	2.564438175145737908e-01	9.611183623500996198e-03
nan	6.349375000000000000e+03	6.349374999999999325e+00	nan	3.380582482977345649e-02	2.629669871144683646e-01	9.689225449933558387e-03
nan	6.361812500000000000e+03	6.361812500000000092e+00	nan	3.433034110750554646e-02	2.777549291659550112e-01	9.571458562218748689e-03
nan	6.414437500000000000e+03	6.414437499999999126e+00	nan	3.485344970107639995e-02	2.640369276223031303e-01	9.321245860029137020e-03
nan	6.395937500000000000e+03	6.395937500000000497e+00	nan	3.543193539956668303e-02	2.544265629047105515e-01	8.940914831409130237e-03
nan	6.432875000000000000e+03	6.432875000000000121e+00	nan	3.585675699815027428e-02	2.696745075752912113e-01	8.867995868522826619e-03
nan	6.355687500000000000e+03	6.355687500000000156e+00	nan	3.635803196611497867e-02	2.631611873993578987e-01	8.646192714028000381e-03
nan	6.344062500000000000e+03	6.344062499999999716e+00	nan	3.688955862700638022e-02	2.680776151926484996e-01	8.909404576918689145e-03
nan	6.300437500000000000e+03	6.300437500000000135e+00	nan	3.734582814350773106e-02	2.770494427871714183e-01	8.948411594748018061e-03
nan	6.251187500000000000e+03	6.251187500000000341e+00	nan	3.782754592189085940e-02	2.590973800505743663e-01	8.504166934144352652e-03
nan	6.223812500000000000e+03	6.223812500000000192e+00	nan	3.836474767493669447e-02	2.629020484226617937e-01	9.100491342238337111e-03
nan	6.147500000000000000e+03	6.147499999999999964e+00	nan	3.881821375631844262e-02	2.619593407659230877e-01	8.612002845305166687e-03
nan	6.136500000000000000e+03	6.136499999999999844e+00	nan	3.941742037025441903e-02	2.475316209757087993e-01	8.483973250093646001e-03
nan	6.138750000000000000e+03	6.138749999999999929e+00	nan	3.990902097131510118e-02	2.652939762332785500e-01	8.326954207083625548e-03
nan	6.064250000000000000e+03	6.064250000000000362e+00	nan	4.025520912074931346e-02	2.620980157390349619e-01	9.040382457319084963e-03
nan	5.973250000000000000e+03	5.973250000000001059e+00	nan	4.074471893188835736e-02	2.693418677617620549e-01	8.405053681443952485e-03
nan	5.896625000000000000e+03	5.896625000000000227e+00	nan	4.133229564451745830e-02	2.481568305241045880e-01	8.471639600660108016e-03
nan	5.753062500000000000e+03	5.753062499999999524e+00	nan	4.135869607907594059e-02	2.685223494080810624e-01	8.384294167635975015e-03
nan	5.666187500000000000e+03	5.666187499999999488e+00	nan	4.233179084701532702e-02	2.753224212464769338e-01	8.246798683460898616e-03
nan	5.495750000000000000e+03	5.495749999999999247e+00	nan	3.943564909534202911e-02	2.640260826202983635e-01	8.503948868906041625e-03
nan	5.373875000000000000e+03	5.373874999999999069e+00	nan	4.337357998233137835e-02	2.633974894678484113e-01	8.224020949452182094e-03
nan	5.174812500000000000e+03	5.174812499999999815e+00	nan	4.363991634560981936e-02	2.631980928143761167e-01	8.570840317459360591e-03
nan	4.947125000000000000e+03	4.947124999999999773e+00	nan	4.425594042168334852e-02	2.488790375573827207e-01	8.413724810006462107e-03
nan	4.760000000000000000e+03	4.759999999999999787e+00	nan	4.484518591160302492e-02	2.656131013377903693e-01	8.123125901584149489e-03
nan	4.544750000000000000e+03	4.544750000000000512e+00	nan	4.511540655418500023e-02	2.701914723344561176e-01	8.103827123218776407e-03
nan	4.174312500000000000e+03	4.174312500000000092e+00	nan	4.581358845255856238e-02	2.597552062369135051e-01	8.086516264850240887e-03
nan	1.568750000000000000e+02	1.568749999999999867e-01	nan	9.030779059893134786e-03	2.248350450671517953e-01	1.862143742378918887e-03
nan	0.000000000000000000e+00	0.000000000000000000e+00	0.000000000000000000e+00	0.000000000000000000e+00	0.000000000000000000e+00	0.000000000000000000e+00
nan	0.000000000000000000e+00	0.000000000000000000e+00	0.000000000000000000e+00	0.000000000000000000e+00	0.000000000000000000e+00	0.000000000000000000e+00
nan	0.000000000000000000e+00	0.000000000000000000e+00	0.000000000000000000e+00	0.000000000000000000e+00	0.000000000000000000e+00	0.000000000000000000e+00
nan	0.000000000000000000e+00	0.000000000000000000e+00	0.000000000000000000e+00	0.000000000000000000e+00	0.000000000000000000e+00	0.000000000000000000e+00
nan	0.000000000000000000e+00	0.000000000000000000e+00	0.000000000000000000e+00	0.000000000000000000e+00	0.000000000000000000e+00	0.000000000000000000e+00
nan	0.000000000000000000e+00	0.000000000000000000e+00	0.000000000000000000e+00	0.000000000000000000e+00	0.000000000000000000e+00	0.000000000000000000e+00
nan	0.000000000000000000e+00	0.000000000000000000e+00	0.000000000000000000e+00	0.000000000000000000e+00	0.000000000000000000e+00	0.000000000000000000e+00
nan	0.000000000000000000e+00	0.000000000000000000e+00	0.000000000000000000e+00	0.000000000000000000e+00	0.000000000000000000e+00	0.000000000000000000e+00
nan	0.000000000000000000e+00	0.000000000000000000e+00	0.000000000000000000e+00	0.000000000000000000e+00	0.000000000000000000e+00	0.000000000000000000e+00
nan	0.000000000000000000e+00	0.000000000000000000e+00	0.000000000000000000e+00	0.000000000000000000e+00	0.000000000000000000e+00	0.000000000000000000e+00
nan	0.000000000000000000e+00	0.000000000000000000e+00	0.000000000000000000e+00	0.000000000000000000e+00	0.000000000000000000e+00	0.000000000000000000e+00
nan	0.000000000000000000e+00	0.000000000000000000e+00	0.000000000000000000e+00	0.000000000000000000e+00	0.000000000000000000e+00	0.000000000000000000e+00
nan	0.000000000000000000e+00	0.000000000000000000e+00	0.000000000000000000e+00	0.000000000000000000e+00	0.000000000000000000e+00	0.000000000000000000e+00
nan	0.000000000000000000e+00	0.000000000000000000e+00	0.000000000000000000e+00	0.000000000000000000e+00	0.000000000000000000e+00	0.000000000000000000e+00
nan	0.000000000000000000e+00	0.000000000000000000e+00	0.000000000000000000e+00	0.000000000000000000e+00	0.000000000000000000e+00	0.000000000000000000e+00
nan	0.000000000000000000e+00	0.000000000000000000e+00	0.000000000000000000e+00	0.000000000000000000e+00	0.000000000000000000e+00	0.000000000000000000e+00
nan	0.000000000000000000e+00	0.000000000000000000e+00	0.000000000000000000e+00	0.000000000000000000e+00	0.000000000000000000e+00	0.000000000000000000e+00
nan	0.000000000000000000e+00	0.000000000000000000e+00	0.000000000000000000e+00	0.000000000000000000e+00	0.000000000000000000e+00	0.000000000000000000e+00
nan	1.464375000000000000e+02	1.464374999999999982e-01	nan	1.499682167375038233e-02	2.607032781278275646e-01	1.759836377430312737e-02
nan	2.641875000000000000e+02	2.641874999999999640e-01	nan	1.604071423713460121e-02	2.399835880220856643e-01	1.602860104461534263e-02
nan	4.448750000000000000e+02	4.448749999999999649e-01	nan	1.656053062053519653e-02	2.596492343352474474e-01	1.551301281217321026e-02
nan	6.670000000000000000e+02	6.670000000000000373e-01	nan	1.730113083822537590e-02	2.700328254932556904e-01	1.653742178727690693e-02
nan	9.165625000000000000e+02	9.165624999999999467e-01	nan	1.647583458846568760e-02	2.570093831119922290e-01	1.580953216254843419e-02
nan	1.143125000000000000e+03	1.143124999999999947e+00	nan	1.832420005577262145e-02	2.526485896864996694e-01	1.447174547585960980e-02
nan	1.387250000000000000e+03	1.387250000000000094e+00	nan	1.884087350185659204e-02	2.513076963380487250e-01	1.517386084469873886e-02
nan	1.623375000000000000e+03	1.623375000000000012e+00	nan	1.920428316766198407e-02	2.622449287153589825e-01	1.445798435192569009e-02
nan	1.869875000000000000e+03	1.869874999999999954e+00	nan	1.953561641986656383e-02	2.689354787119302981e-01	1.442690337285357227e-02
nan	2.108312500000000000e+03	2.108312500000000256e+00	nan	2.014665371445367725e-02	2.667938705548207334e-01	1.231834160510869580e-02
nan	2.318125000000000000e+03	2.318124999999999325e+00	nan	2.085446851079009178e-02	2.640991237135976166e-01	1.343582578728452770e-02
nan	2.494375000000000000e+03	2.494374999999999787e+00	nan	2.136354198489609502e-02	2.526382898020579360e-01	1.205207725257889662e-02
nan	2.691937500000000000e+03	2.691937500000000316e+00	nan	2.185944882178869619e-02	2.543106845531175608e-01	1.321733842156708194e-02
nan	2.862437500000000000e+03	2.862437499999999968e+00	nan	2.239276700468639802e-02	2.597442449562216149e-01	1.289920834679103567e-02
nan	2.926125000000000000e+03	2.926124999999999865e+00	nan	2.285112995729665641e-02	2.559113451826177110e-01	1.228767426570095966e-02
nan	3.031812500000000000e+03	3.031812500000000021e+00	nan	2.335654537136022668e-02	2.767244762164482452e-01	1.298417062746004547e-02
nan	3.073375000000000000e+03	3.073374999999999968e+00	nan	2.369351527448149142e-02	2.681149495741556588e-01	1.167174555899624933e-02
nan	3.141687500000000000e+03	3.141687500000000188e+00	nan	2.242762762413900990e-02	2.628499976544709793e-01	1.071291694310129092e-02
nan	3.136125000000000000e+03	3.136125000000000274e+00	nan	2.481566767337906043e-02	2.676298386304345467e-01	1.164992881504093442e-02
nan	3.122875000000000000e+03	3.122874999999999623e+00	nan	2.525916857888077516e-02	2.584696894982243531e-01	1.121002078675552294e-02
nan	3.108000000000000000e+03	3.108000000000000096e+00	nan	2.573578043258528680e-02	2.710786916411918601e-01	1.123097719598617483e-02
nan	3.128125000000000000e+03	3.128124999999999822e+00	nan	2.428410233144287500e-02	2.735656243807775834e-01	1.080210781122337149e-02
nan	3.110125000000000000e+03	3.110125000000000028e+00	nan	2.676248414078674642e-02	2.644933494432552545e-01	1.095718206979920395e-02
nan	3.075500000000000000e+03	3.075500000000000345e+00	nan	2.726382583087261224e-02	2.587252838772455821e-01	1.085740595466094804e-02
nan	3.032437500000000000e+03	3.032437499999999897e+00	nan	2.775829746164681922e-02	2.497721317321363599e-01	1.041621537638759420e-02
nan	3.040000000000000000e+03	3.040000000000000480e+00	nan	2.818418936982425294e-02	2.786416586066714496e-01	1.007052595540081086e-02
nan	3.023812500000000000e+03	3.023812500000000014e+00	nan	2.876068355369909568e-02	2.561049740472439162e-01	1.006941795700433406e-02
nan	2.987875000000000000e+03	2.987875000000000281e+00	nan	2.905743978641073255e-02	2.613329370841897537e-01	1.052375806864491725e-02
nan	2.983062500000000000e+03	2.983062499999999950e+00	nan	2.966789700231498017e-02	2.621643428226695383e-01	1.024370298365939735e-02
nan	2.985125000000000000e+03	2.985125000000000028e+00	nan	3.024965401604440274e-02	2.490535333140506680e-01	9.764761793912390964e-03
nan	2.986687500000000000e+03	2.986687500000000384e+00	nan	3.084626452810468322e-02	2.718210008844337833e-01	9.767965426449864985e-03
nan	2.963625000000000000e+03	2.963625000000000398e+00	nan	3.116436712560677336e-02	2.585705819938926564e-01	9.564589610071450032e-03
nan	2.923437500000000000e+03	2.923437499999999911e+00	nan	3.179669654954864200e-02	2.676797607941134305e-01	8.827840078269644231e-03
nan	2.977875000000000000e+03	2.977875000000000050e+00	nan	3.236930344199606679e-02	2.642115666179091771e-01	9.571837214605971589e-03
nan	2.968562500000000000e+03	2.968562499999999993e+00	nan	3.289961508927241596e-02	2.438549486498374219e-01	9.997556446884936499e-03
nan	2.965000000000000000e+03	2.965000000000000302e+00	nan	3.337347306949389747e-02	2.684802130054860791e-01	9.234577144993205700e-03
nan	2.976312500000000000e+03	2.976312499999999694e+00	nan	3.380873659859240377e-02	2.581013177626112487e-01	9.182839987791235892e-03
nan	2.962062500000000000e+03	2.962062500000000043e+00	nan	3.428480663952981899e-02	2.638772900683409861e-01	9.169021248806252800e-03
nan	2.960437500000000000e+03	2.960437500000000277e+00	nan	3.485633158765999440e-02	2.602024953434106669e-01	8.652222936213260773e-03
nan	2.949375000000000000e+03	2.949374999999999858e+00	nan	3.500371337164231988e-02	2.645646031773449813e-01	8.837885448666704669e-03
nan	2.985812500000000000e+03	2.985812500000000203e+00	nan	3.571969266844021718e-02	2.705233225313894430e-01	9.011680568890567677e-03
nan	2.934250000000000000e+03	2.934250000000000025e+00	nan	3.598089110017355097e-02	2.636407483920211736e-01	9.001213509633565479e-03
nan	2.929875000000000000e+03	2.929875000000000007e+00	nan	3.666641875864939948e-02	2.651954336107404941e-01	8.728666406557561430e-03
nan	2.911687500000000000e+03	2.911687500000000206e+00	nan	3.714105898148112317e-02	2.678948007162280098e-01	8.380316499025042276e-03
nan	2.876187500000000000e+03	2.876187500000000341e+00	nan	3.776670478904087247e-02	2.683150665564718040e-01	8.450170984226845761e-03
nan	2.887625000000000000e+03	2.887625000000000330e+00	nan	3.823839732355516219e-02	2.727108899550420018e-01	8.686541367381339640e-03
nan	2.867625000000000000e+03	2.867625000000000313e+00	nan	3.869737500020775656e-02	2.632979443501198835e-01	8.726026789132923511e-03
nan	2.847187500000000000e+03	2.847187499999999982e+00	nan	3.791806105813932959e-02	2.507755727016597325e-01	8.075533644932075816e-03
nan	2.817437500000000000e+03	2.817437500000000039e+00	nan	3.988915570158368951e-02	2.641933666287097915e-01	8.615045203548277186e-03
nan	2.803687500000000000e+03	2.803687500000000110e+00	nan	3.995683166020036481e-02	2.727707857749275266e-01	8.280102286026380654e-03
nan	2.761250000000000000e+03	2.761249999999999982e+00	nan	4.075129290981926999e-02	2.519468494904911759e-01	8.049362159497253089e-03
nan	2.715312500000000000e+03	2.715312500000000018e+00	nan	4.092304968241755603e-02	2.719000684860014561e-01	8.088089583475621680e-03
nan	2.665500000000000000e+03	2.665500000000000203e+00	nan	4.138014656737709629e-02	2.515849498220054103e-01	8.259393369904444171e-03
nan	2.608375000000000000e+03	2.608375000000000110e+00	nan	4.196081037803089941e-02	2.740741846069244536e-01	8.192628031402415800e-03
nan	2.553562500000000000e+03	2.553562499999999957e+00	nan	4.273535872193789942e-02	2.778639302900738350e-01	7.873152922333481740e-03
nan	2.482625000000000000e+03	2.482625000000000082e+00	nan	4.327529321445311439e-02	2.627527514613816617e-01	7.768546794937547517e-03
nan	2.389375000000000000e+03	2.389374999999999805e+00	nan	4.384189600794208275e-02	2.707051410780932921e-01	8.148588564831582559e-03
nan	2.311937500000000000e+03	2.311937499999999979e+00	nan	4.402775447798568109e-02	2.595672411597307883e-01	7.895520417276591374e-03
nan	2.195187500000000000e+03	2.195187500000000291e+00	nan	4.419797478280429459e-02	2.667969409581868456e-01	7.982400638591791164e-03
nan	2.115375000000000000e+03	2.115375000000000227e+00	nan	4.520748904502802645e-02	2.528391078243991119e-01	8.150382136666411981e-03
nan	1.948312500000000000e+03	1.948312499999999892e+00	nan	4.550330659794177279e-02	2.667445073019566459e-01	7.921422611987694040e-03
nan	6.993750000000000000e+01	6.993749999999999967e-02	nan	1.183551439117941015e-02	2.629179294267609546e-01	7.939432124162149051e-04
nan	0.000000000000000000e+00	0.000000000000000000e+00	0.000000000000000000e+00	0.000000000000000000e+00	0.000000000000000000e+00	0.000000000000000000e+00
nan	0.000000000000000000e+00	0.000000000000000000e+00	0.000000000000000000e+00	0.000000000000000000e+00	0.000000000000000000e+00	0.000000000000000000e+00
nan	0.000000000000000000e+00	0.000000000000000000e+00	0.000000000000000000e+00	0.000000000000000000e+00	0.000000000000000000e+00	0.000000000000000000e+00
nan	0.000000000000000000e+00	0.000000000000000000e+00	0.000000000000000000e+00	0.000000000000000000e+00	0.000000000000000000e+00	0.000000000000000000e+00
nan	0.000000000000000000e+00	0.000000000000000000e+00	0.000000000000000000e+00	0.000000000000000000e+00	0.000000000000000000e+00	0.000000000000000000e+00
nan	0.000000000000000000e+00	0.000000000000000000e+00	0.000000000000000000e+00	0.000000000000000000e+00	0.000000000000000000e+00	0.000000000000000000e+00
