# SourcePhotonFlux	NumberRaysSurvived	PercentageRaysSurvived	PhotonFlux	Bandwidth	HorizontalFocusFWHM	VerticalFocusFWHM
nan	0.000000000000000000e+00	0.000000000000000000e+00	0.000000000000000000e+00	0.000000000000000000e+00	0.000000000000000000e+00	0.000000000000000000e+00
nan	0.000000000000000000e+00	0.000000000000000000e+00	0.000000000000000000e+00	0.000000000000000000e+00	0.000000000000000000e+00	0.000000000000000000e+00
nan	0.000000000000000000e+00	0.000000000000000000e+00	0.000000000000000000e+00	0.000000000000000000e+00	0.000000000000000000e+00	0.000000000000000000e+00
nan	0.000000000000000000e+00	0.000000000000000000e+00	0.000000000000000000e+00	0.000000000000000000e+00	0.000000000000000000e+00	0.000000000000000000e+00
nan	0.000000000000000000e+00	0.000000000000000000e+00	0.000000000000000000e+00	0.000000000000000000e+00	0.000000000000000000e+00	0.000000000000000000e+00
nan	0.000000000000000000e+00	0.000000000000000000e+00	0.000000000000000000e+00	0.000000000000000000e+00	0.000000000000000000e+00	0.000000000000000000e+00
nan	0.000000000000000000e+00	0.000000000000000000e+00	0.000000000000000000e+00	0.000000000000000000e+00	0.000000000000000000e+00	0.000000000000000000e+00
nan	0.000000000000000000e+00	0.000000000000000000e+00	0.000000000000000000e+00	0.000000000000000000e+00	0.000000000000000000e+00	0.000000000000000000e+00
nan	0.000000000000000000e+00	0.000000000000000000e+00	0.000000000000000000e+00	0.000000000000000000e+00	0.000000000000000000e+00	0.000000000000000000e+00
nan	0.000000000000000000e+00	0.000000000000000000e+00	0.000000000000000000e+00	0.000000000000000000e+00	0.000000000000000000e+00	0.000000000000000000e+00
nan	0.000000000000000000e+00	0.000000000000000000e+00	0.000000000000000000e+00	0.000000000000000000e+00	0.000000000000000000e+00	0.000000000000000000e+00
nan	0.000000000000000000e+00	0.000000000000000000e+00	0.000000000000000000e+00	0.000000000000000000e+00	0.000000000000000000e+00	0.000000000000000000e+00
nan	0.000000000000000000e+00	0.000000000000000000e+00	0.000000000000000000e+00	0.000000000000000000e+00	0.000000000000000000e+00	0.000000000000000000e+00
nan	0.000000000000000000e+00	0.000000000000000000e+00	0.000000000000000000e+00	0.000000000000000000e+00	0.000000000000000000e+00	0.000000000000000000e+00
nan	0.000000000000000000e+00	0.000000000000000000e+00	0.000000000000000000e+00	0.000000000000000000e+00	0.000000000000000000e+00	0.000000000000000000e+00
nan	0.000000000000000000e+00	0.000000000000000000e+00	0.000000000000000000e+00	0.000000000000000000e+00	0.000000000000000000e+00	0.000000000000000000e+00
nan	4.145199999999999818e+03	4.145200000000000884e+00	nan	5.945316173131658111e-02	4.280324757348534237e-01	2.419964050440483877e-02
nan	4.192399999999999636e+03	4.192400000000000126e+00	nan	5.745445560965976167e-02	4.321094981342380459e-01	2.348096437717934679e-02
nan	5.597800000000000182e+03	5.597799999999999443e+00	nan	5.952933111793044102e-02	4.798857306978115966e-01	2.444194283007767796e-02
nan	5.650600000000000364e+03	5.650599999999999845e+00	nan	5.889674056220002563e-02	4.371156367905880691e-01	2.389233423028684980e-02
nan	1.118220000000000073e+04	1.118219999999999992e+01	nan	6.464127544182360352e-02	4.323620690678731115e-01	2.319147328380353340e-02
nan	1.113439999999999964e+04	1.113439999999999941e+01	nan	6.461939399187030530e-02	4.573379342352570376e-01	2.363657138353758569e-02
nan	1.504520000000000073e+04	1.504519999999999946e+01	nan	6.432850842622883647e-02	4.299026160946188280e-01	2.395516976089524450e-02
nan	1.516479999999999927e+04	1.516479999999999961e+01	nan	6.451829726333357939e-02	4.497692778125131352e-01	2.343008080691149145e-02
nan	2.037020000000000073e+04	2.037020000000000053e+01	nan	6.979230919410780998e-02	4.531657415651101362e-01	2.254000029570875016e-02
nan	2.031640000000000146e+04	2.031639999999999802e+01	nan	6.969548693280103180e-02	4.612592452618008987e-01	2.272046862559591249e-02
nan	2.765659999999999854e+04	2.765659999999999741e+01	nan	6.985429570001713828e-02	4.468636173771017295e-01	2.305536887847061539e-02
nan	2.763279999999999927e+04	2.763279999999999603e+01	nan	6.963619346293228873e-02	4.371276514065886576e-01	2.193667173290379108e-02
nan	2.795520000000000073e+04	2.795519999999999783e+01	nan	7.446113081085456442e-02	4.484949769357532423e-01	2.192576861653918602e-02
nan	2.801940000000000146e+04	2.801940000000000097e+01	nan	7.464679088807316121e-02	4.679003500269182103e-01	2.171491391390034664e-02
nan	3.779980000000000291e+04	3.779979999999999762e+01	nan	7.454415695446811596e-02	4.580913516388897544e-01	2.211530259408256427e-02
nan	3.767119999999999709e+04	3.767119999999999891e+01	nan	7.480918559519125766e-02	4.459034457623373693e-01	2.124651923972748976e-02
nan	3.410180000000000291e+04	3.410179999999999723e+01	nan	7.933747914417779712e-02	4.313896961952850551e-01	2.058524787749220833e-02
nan	3.418880000000000291e+04	3.418880000000000052e+01	nan	7.945960889577179109e-02	4.628419330841740953e-01	2.088275460225546068e-02
nan	4.609940000000000146e+04	4.609939999999999571e+01	nan	7.979736786128058257e-02	4.477823241093812356e-01	2.097575038038730286e-02
nan	4.617640000000000146e+04	4.617639999999999390e+01	nan	7.942573000703419261e-02	4.479706724873186441e-01	2.116646321498976205e-02
nan	3.858080000000000291e+04	3.858079999999999643e+01	nan	8.460567726540375866e-02	4.347248691179794733e-01	2.011582073389171083e-02
nan	3.854380000000000291e+04	3.854379999999999740e+01	nan	8.447584142798518492e-02	4.503485364026584281e-01	2.024340204697541029e-02
nan	5.198380000000000291e+04	5.198379999999999512e+01	nan	8.480435281884127208e-02	4.501766528449106519e-01	2.096203696364416086e-02
nan	5.206559999999999854e+04	5.206559999999999633e+01	nan	8.485238426385421917e-02	4.619857039292460388e-01	2.094491043577395573e-02
nan	4.179640000000000146e+04	4.179639999999999844e+01	nan	8.923642996877276246e-02	4.653416052229335520e-01	1.987230521527551946e-02
nan	4.193619999999999709e+04	4.193619999999999948e+01	nan	8.957977877616088436e-02	4.374129423942316741e-01	1.974767103582735286e-02
nan	5.661840000000000146e+04	5.661839999999999407e+01	nan	8.989865575342151360e-02	4.373228800996007415e-01	2.072103579123645359e-02
nan	5.674680000000000291e+04	5.674679999999999325e+01	nan	8.964881148530139121e-02	4.531803646852313738e-01	2.100901548271423211e-02
nan	4.337900000000000000e+04	4.337900000000000489e+01	nan	9.472780636421589129e-02	4.522376372375093156e-01	1.929282881695435631e-02
nan	4.335380000000000291e+04	4.335379999999999967e+01	nan	9.479606391283823541e-02	4.249929555185136820e-01	1.864155392253721150e-02
nan	5.864940000000000146e+04	5.864939999999999998e+01	nan	9.473914586796183812e-02	4.553501295461599985e-01	2.032592239199990797e-02
nan	5.855400000000000000e+04	5.855399999999999494e+01	nan	9.461977571712339163e-02	4.505868745836943967e-01	2.046476529201584141e-02
nan	4.395759999999999854e+04	4.395759999999999934e+01	nan	9.894091005481016332e-02	4.473823925669803137e-01	1.805022043008865790e-02
nan	4.391619999999999709e+04	4.391620000000000346e+01	nan	9.883870010648934668e-02	4.609361865056388341e-01	1.838034840831821379e-02
nan	5.951280000000000291e+04	5.951280000000000570e+01	nan	9.970765466665057475e-02	4.187500452590572908e-01	1.977124214828389695e-02
nan	5.963580000000000291e+04	5.963579999999999615e+01	nan	9.972189518383060836e-02	4.444217644001788869e-01	2.038204925541529239e-02
nan	4.375419999999999709e+04	4.375419999999999732e+01	nan	1.048347151723447723e-01	4.434723911576813893e-01	1.745669874680200184e-02
nan	4.390500000000000000e+04	4.390499999999999403e+01	nan	1.046053714761001202e-01	4.480287786559262742e-01	1.728119048309289044e-02
nan	5.946919999999999709e+04	5.946920000000000073e+01	nan	1.048525863456603729e-01	4.424899009566112262e-01	2.103044374618368018e-02
nan	5.923619999999999709e+04	5.923619999999999663e+01	nan	1.043890513441652901e-01	4.397709703587965313e-01	1.990358032043480080e-02
nan	4.358700000000000000e+04	4.358700000000000330e+01	nan	1.084389167814293897e-01	4.286278317833414064e-01	1.774932387654230490e-02
nan	4.356059999999999854e+04	4.356060000000000088e+01	nan	1.094679492111481495e-01	4.397518676718540354e-01	1.731112967630325100e-02
nan	5.896059999999999854e+04	5.896059999999999945e+01	nan	1.096322353805618405e-01	4.503802500424173294e-01	1.991977339099293767e-02
nan	5.896800000000000000e+04	5.896800000000000352e+01	nan	1.098142916579007561e-01	4.615858891631977601e-01	1.947046130858438515e-02
nan	4.317919999999999709e+04	4.317920000000000158e+01	nan	1.148419231276221752e-01	4.496781990119155248e-01	1.717231794775291379e-02
nan	4.312180000000000291e+04	4.312179999999999325e+01	nan	1.147541573696770484e-01	4.481393792566421008e-01	1.724275355187747730e-02
nan	5.832940000000000146e+04	5.832940000000000680e+01	nan	1.147810394411806073e-01	4.461946598445544199e-01	1.969302868157150194e-02
nan	5.832080000000000291e+04	5.832079999999999842e+01	nan	1.148396595066571990e-01	4.564614649066299212e-01	1.981409110165886084e-02
nan	4.287359999999999854e+04	4.287359999999999616e+01	nan	1.189450004028259344e-01	4.485448724250890029e-01	1.660698497523642805e-02
nan	4.277259999999999854e+04	4.277259999999999707e+01	nan	1.198456332481157433e-01	4.448848461689873801e-01	1.676921763818804006e-02
nan	5.799840000000000146e+04	5.799839999999998952e+01	nan	1.197282658611897033e-01	4.232543836054747932e-01	1.899720091004732797e-02
nan	5.795159999999999854e+04	5.795159999999999911e+01	nan	1.196631764964393996e-01	4.513787928746581524e-01	1.957217307110119611e-02
nan	4.287900000000000000e+04	4.287900000000000489e+01	nan	1.247420831145177600e-01	4.468620765099975967e-01	1.642079850209263864e-02
nan	4.273159999999999854e+04	4.273160000000000025e+01	nan	1.246399877274512874e-01	4.374806512338162423e-01	1.564840370037545725e-02
nan	5.782140000000000146e+04	5.782140000000000413e+01	nan	1.246595297838808819e-01	4.340552570214272765e-01	1.959092054367381902e-02
nan	5.781559999999999854e+04	5.781559999999999633e+01	nan	1.246004050053102219e-01	4.480355282116791349e-01	1.988464631099047183e-02
nan	4.262100000000000000e+04	4.262099999999999511e+01	nan	1.296293766750807319e-01	4.442666785491972137e-01	1.593665475763543851e-02
nan	4.259100000000000000e+04	4.259099999999999397e+01	nan	1.294145438338887288e-01	4.553225646842286589e-01	1.658378407009060071e-02
nan	5.784380000000000291e+04	5.784380000000000166e+01	nan	1.295595598826992101e-01	4.468191650457399855e-01	1.948720702212804884e-02
nan	5.785159999999999854e+04	5.785159999999999769e+01	nan	1.283508185886205466e-01	4.436621999009009443e-01	1.981855708245650050e-02
nan	4.248180000000000291e+04	4.248179999999999978e+01	nan	1.342738637481886710e-01	4.422209796747168520e-01	1.529864092904409389e-02
nan	4.260900000000000000e+04	4.260899999999999466e+01	nan	1.346798323374457651e-01	4.476107021141027542e-01	1.565417938340605414e-02
nan	5.773200000000000000e+04	5.773199999999999221e+01	nan	1.344396810742352899e-01	4.574542485220913224e-01	1.930744220958597809e-02
nan	5.783040000000000146e+04	5.783039999999999736e+01	nan	1.344395740500033409e-01	4.442865582216939946e-01	1.941046604971754380e-02
nan	4.266600000000000000e+04	4.266600000000000392e+01	nan	1.394954797267644042e-01	4.356760869959194205e-01	1.567175668038647135e-02
nan	4.273940000000000146e+04	4.273940000000000339e+01	nan	1.394319052501259704e-01	4.483618073714776275e-01	1.565309957102165722e-02
nan	5.779240000000000146e+04	5.779240000000000066e+01	nan	1.394407908461857970e-01	4.435049262112317758e-01	1.996230853086373644e-02
nan	5.772540000000000146e+04	5.772540000000000049e+01	nan	1.391015623857697336e-01	4.506884879715693515e-01	1.937587017737278997e-02
nan	4.267619999999999709e+04	4.267620000000000857e+01	nan	1.447379241450960363e-01	4.402100533359640799e-01	1.554312199880776221e-02
nan	4.268159999999999854e+04	4.268160000000000309e+01	nan	1.445813462115893289e-01	4.270539253887565279e-01	1.532843786156714606e-02
nan	5.772200000000000000e+04	5.772200000000000131e+01	nan	1.445556860390240783e-01	4.471965053691236425e-01	1.923895618942133082e-02
nan	5.778280000000000291e+04	5.778279999999999461e+01	nan	1.446732200460019158e-01	4.355944939165724006e-01	1.932136760801128617e-02
nan	4.236019999999999709e+04	4.236020000000000607e+01	nan	1.495306134663678677e-01	4.486607617857035768e-01	1.559627842169284372e-02
nan	4.232480000000000291e+04	4.232479999999999620e+01	nan	1.495983039186682961e-01	4.458751217793713861e-01	1.529953718715351164e-02
nan	5.731840000000000146e+04	5.731840000000001112e+01	nan	1.498072120235349192e-01	4.497057597905901316e-01	2.062435490772571850e-02
nan	5.733919999999999709e+04	5.733919999999999106e+01	nan	1.496599153954946415e-01	4.472495101644191062e-01	2.029503682267801493e-02
nan	4.206459999999999854e+04	4.206459999999999866e+01	nan	1.545571603798975846e-01	4.297543164782192671e-01	1.532979654609345488e-02
nan	4.214719999999999709e+04	4.214720000000001221e+01	nan	1.545893329852617570e-01	4.483961939165667654e-01	1.532814837700815537e-02
nan	5.709659999999999854e+04	5.709660000000000224e+01	nan	1.540974933969550820e-01	4.461260456906060989e-01	1.960002516040031464e-02
nan	5.688740000000000146e+04	5.688739999999999952e+01	nan	1.544307586791205666e-01	4.399310682136249318e-01	1.989858695044048956e-02
nan	4.166159999999999854e+04	4.166159999999999286e+01	nan	1.593054505471741267e-01	4.286659797066597055e-01	1.547823938285404141e-02
nan	4.167619999999999709e+04	4.167620000000000147e+01	nan	1.589776971031540143e-01	4.231430582840575161e-01	1.541465046548342634e-02
nan	5.646280000000000291e+04	5.646280000000000143e+01	nan	1.597595458862088036e-01	4.382158731425295772e-01	1.998246187562280340e-02
nan	5.644200000000000000e+04	5.644199999999999307e+01	nan	1.596124470276834018e-01	4.677348976144010129e-01	2.046931590307377036e-02
nan	4.111640000000000146e+04	4.111639999999999873e+01	nan	1.643703978637631735e-01	4.320074083547753574e-01	1.505175955309461314e-02
nan	4.112419999999999709e+04	4.112419999999999476e+01	nan	1.644169109156678188e-01	4.365924789464915579e-01	1.568304367968416033e-02
nan	5.559919999999999709e+04	5.559919999999999618e+01	nan	1.647314462476458519e-01	4.455290706311446636e-01	2.044319268186605212e-02
nan	5.567080000000000291e+04	5.567079999999999984e+01	nan	1.646861700595138589e-01	4.472607420296700331e-01	2.096588271343407042e-02
nan	4.004419999999999709e+04	4.004420000000000357e+01	nan	1.696556005455192861e-01	4.597475528810233136e-01	1.555597497866916326e-02
nan	3.990640000000000146e+04	3.990639999999999787e+01	nan	1.687677861413419689e-01	4.315491239920236088e-01	1.547212089915230883e-02
nan	5.440600000000000000e+04	5.440599999999999170e+01	nan	1.696052909149614041e-01	4.449064629958536798e-01	2.033265963282761962e-02
nan	5.416200000000000000e+04	5.416199999999999903e+01	nan	1.693527006830834181e-01	4.651008166409869027e-01	2.004556964805264199e-02
nan	3.886959999999999854e+04	3.886960000000000548e+01	nan	1.744720255813717869e-01	4.353239157426100903e-01	1.533601227793166509e-02
nan	3.880219999999999709e+04	3.880220000000000624e+01	nan	1.743306514429434628e-01	4.458668176867044974e-01	1.553115728714065183e-02
nan	5.249800000000000000e+04	5.249800000000000466e+01	nan	1.741873590020475149e-01	4.422924989818700081e-01	2.043169339085313535e-02
nan	5.261440000000000146e+04	5.261440000000000339e+01	nan	1.738639102553747873e-01	4.504448721539119904e-01	1.991068135012987600e-02
nan	3.681300000000000000e+04	3.681300000000000239e+01	nan	1.778319938819095114e-01	4.396899315032386513e-01	1.585471199635684128e-02
nan	3.680159999999999854e+04	3.680159999999999343e+01	nan	1.797021935310738061e-01	4.373253069049855557e-01	1.544913571226871375e-02
nan	4.993040000000000146e+04	4.993040000000000589e+01	nan	1.794220163929423906e-01	4.308854582392179222e-01	1.954118987092669929e-02
nan	4.979080000000000291e+04	4.979079999999999728e+01	nan	1.790155932788195514e-01	4.458778405736111283e-01	2.057902471531960348e-02
nan	3.391659999999999854e+04	3.391660000000000252e+01	nan	1.835941948934021184e-01	4.468101515931170442e-01	1.572430757309959543e-02
nan	3.388159999999999854e+04	3.388160000000000593e+01	nan	1.844907248326990157e-01	4.371437727136184281e-01	1.588496321924388541e-02
nan	4.578180000000000291e+04	4.578179999999999694e+01	nan	1.845847609569545855e-01	4.401817154355517903e-01	2.078398433803627793e-02
nan	4.596600000000000000e+04	4.596599999999999397e+01	nan	1.841002444485980161e-01	4.504851406549389981e-01	2.045682473472396762e-02
nan	2.920259999999999854e+04	2.920260000000000034e+01	nan	1.894896104083045318e-01	4.489773314406623195e-01	1.577342785232218464e-02
nan	2.908900000000000000e+04	2.908899999999999864e+01	nan	1.881617507540226941e-01	4.331430794731361833e-01	1.503927361176735610e-02
nan	3.919140000000000146e+04	3.919140000000000157e+01	nan	1.891135479549234388e-01	4.573411326404167587e-01	2.059041047401457408e-02
nan	3.927919999999999709e+04	3.927920000000000300e+01	nan	1.894903135128686300e-01	4.397386436142877164e-01	2.090379209123511758e-02
nan	2.349740000000000146e+04	2.349739999999999540e+01	nan	1.921674050075580509e-01	4.513895099785000253e-01	1.562556200039111332e-02
nan	2.350940000000000146e+04	2.350939999999999941e+01	nan	1.936457099934330017e-01	4.465282391990444966e-01	1.588130984221294145e-02
nan	3.176400000000000000e+04	3.176399999999999935e+01	nan	1.946318376015028773e-01	4.227237318777426478e-01	2.028032676795525971e-02
nan	3.184879999999999927e+04	3.184880000000000067e+01	nan	1.946244778888342464e-01	4.516833134763332813e-01	2.136334460913644900e-02
nan	1.836179999999999927e+04	1.836179999999999879e+01	nan	1.984581590613970492e-01	4.409545678474974251e-01	1.588381295075969035e-02
nan	1.839400000000000000e+04	1.839399999999999835e+01	nan	1.992902734075983062e-01	4.636423418440488442e-01	1.538930255116497357e-02
nan	2.487100000000000000e+04	2.487100000000000222e+01	nan	1.983511933236457025e-01	4.463497540523747031e-01	2.130411993195906531e-02
nan	2.499079999999999927e+04	2.499080000000000013e+01	nan	1.968180217006874899e-01	4.508475434289238026e-01	2.092147415730351984e-02
nan	1.398020000000000073e+04	1.398019999999999996e+01	nan	2.041661668086135195e-01	4.520373307405775587e-01	1.595190455159283330e-02
nan	1.393979999999999927e+04	1.393979999999999997e+01	nan	2.037452414316476279e-01	4.471479745696166352e-01	1.580040803052042836e-02
nan	1.888279999999999927e+04	1.888279999999999959e+01	nan	1.935850053291176265e-01	4.386608626821703050e-01	2.081959928649936703e-02
nan	1.901879999999999927e+04	1.901880000000000592e+01	nan	2.041507341432861611e-01	4.403143260822782179e-01	2.052142531787453164e-02
nan	1.137820000000000073e+04	1.137819999999999965e+01	nan	2.085988877577108214e-01	4.482130350056835466e-01	1.554480370881101622e-02
nan	1.131260000000000036e+04	1.131259999999999977e+01	nan	2.091014158328505235e-01	4.551560565622817522e-01	1.550131851017262294e-02
nan	1.532560000000000036e+04	1.532559999999999967e+01	nan	2.094787959465009008e-01	4.232908355626019414e-01	2.154628036309489542e-02
nan	1.525360000000000036e+04	1.525360000000000049e+01	nan	2.072678235717091977e-01	4.205487115904738005e-01	2.077867118634237759e-02
nan	9.503399999999999636e+03	9.503399999999999181e+00	nan	2.125788962863850995e-01	4.449843915370353953e-01	1.653320624284902035e-02
nan	9.436200000000000728e+03	9.436200000000001253e+00	nan	2.115541027247445638e-01	4.360102277254251923e-01	1.643254796573074758e-02
nan	1.281079999999999927e+04	1.281080000000000041e+01	nan	2.140114894333521589e-01	4.439685479606151342e-01	2.072564432049581878e-02
nan	1.279039999999999964e+04	1.279039999999999999e+01	nan	2.124700993348085376e-01	4.364647681138197899e-01	2.100910262921971278e-02
nan	8.132000000000000000e+03	8.131999999999999673e+00	nan	2.170353413230770856e-01	4.402139202686579655e-01	1.622550233450823637e-02
nan	8.073199999999999818e+03	8.073199999999999932e+00	nan	2.162865840627773706e-01	4.531007554854518671e-01	1.678681389499239035e-02
nan	1.093220000000000073e+04	1.093219999999999992e+01	nan	2.180085167140532465e-01	4.547318483406334044e-01	2.117415851625636947e-02
nan	1.085320000000000073e+04	1.085319999999999929e+01	nan	2.189541242459995263e-01	4.784557894356041285e-01	2.143193589488277123e-02
nan	7.211399999999999636e+03	7.211400000000000254e+00	nan	2.190236258338416064e-01	4.352119228962927910e-01	1.677204619558558818e-02
nan	7.266600000000000364e+03	7.266599999999999504e+00	nan	2.197976181321848743e-01	4.266996590552503688e-01	1.671850961326555238e-02
nan	9.818799999999999272e+03	9.818799999999999528e+00	nan	2.235965119775983057e-01	4.480701929642866288e-01	2.249630386029579515e-02
nan	9.727000000000000000e+03	9.727000000000000313e+00	nan	2.220492277187759156e-01	4.255284471210952768e-01	2.055745217612070519e-02
nan	6.629399999999999636e+03	6.629399999999999515e+00	nan	2.259654101289015615e-01	4.517366507430399802e-01	1.675218751364298056e-02
nan	6.676199999999999818e+03	6.676199999999999690e+00	nan	2.274926463969166035e-01	4.516065513499684658e-01	1.670590769964732519e-02
nan	9.035399999999999636e+03	9.035399999999999210e+00	nan	2.270602517512145258e-01	4.329708342075034855e-01	2.089325933472103644e-02
nan	8.908600000000000364e+03	8.908600000000001629e+00	nan	2.269570032358387834e-01	4.423046468459529978e-01	2.174161185665184418e-02
nan	6.225199999999999818e+03	6.225200000000000955e+00	nan	2.334932653609484987e-01	4.371118122129077355e-01	1.665770176675280753e-02
nan	6.264399999999999636e+03	6.264400000000000190e+00	nan	2.334738869884063206e-01	4.380805573262550046e-01	1.707992604603241274e-02
nan	8.452399999999999636e+03	8.452399999999999025e+00	nan	2.332923842138882320e-01	4.439848655958760770e-01	2.174778824286107554e-02
nan	8.467000000000000000e+03	8.467000000000000526e+00	nan	2.338833040313147704e-01	4.354499134258033588e-01	2.157194239725939225e-02
nan	5.876399999999999636e+03	5.876400000000000290e+00	nan	2.349250514259040301e-01	4.400243444943498505e-01	1.682793472535273199e-02
nan	5.906800000000000182e+03	5.906799999999999606e+00	nan	2.354503115698435012e-01	4.583160032579060572e-01	1.677301744426245092e-02
nan	8.015000000000000000e+03	8.014999999999998792e+00	nan	2.369197168002585840e-01	4.214603810858119637e-01	2.144806499479443712e-02
nan	7.969600000000000364e+03	7.969599999999999795e+00	nan	2.361273117748737549e-01	4.600273520178809195e-01	2.199548137665487818e-02
nan	5.742800000000000182e+03	5.742799999999999905e+00	nan	2.421989386730899751e-01	4.307847457290747140e-01	1.656037154337184486e-02
nan	5.750199999999999818e+03	5.750200000000000422e+00	nan	2.413298069845097871e-01	4.335880891598596909e-01	1.643714385887094093e-02
nan	7.799199999999999818e+03	7.799200000000000799e+00	nan	2.409648948538062885e-01	4.558438347885774844e-01	2.191137168219050441e-02
nan	7.757800000000000182e+03	7.757800000000000473e+00	nan	2.374793348877176358e-01	4.292609259746905659e-01	2.257070546990256471e-02
