# SourcePhotonFlux	NumberRaysSurvived	PercentageRaysSurvived	PhotonFlux	Bandwidth	HorizontalFocusFWHM	VerticalFocusFWHM
nan	0.000000000000000000e+00	0.000000000000000000e+00	0.000000000000000000e+00	0.000000000000000000e+00	0.000000000000000000e+00	0.000000000000000000e+00
nan	0.000000000000000000e+00	0.000000000000000000e+00	0.000000000000000000e+00	0.000000000000000000e+00	0.000000000000000000e+00	0.000000000000000000e+00
nan	0.000000000000000000e+00	0.000000000000000000e+00	0.000000000000000000e+00	0.000000000000000000e+00	0.000000000000000000e+00	0.000000000000000000e+00
nan	0.000000000000000000e+00	0.000000000000000000e+00	0.000000000000000000e+00	0.000000000000000000e+00	0.000000000000000000e+00	0.000000000000000000e+00
nan	0.000000000000000000e+00	0.000000000000000000e+00	0.000000000000000000e+00	0.000000000000000000e+00	0.000000000000000000e+00	0.000000000000000000e+00
nan	0.000000000000000000e+00	0.000000000000000000e+00	0.000000000000000000e+00	0.000000000000000000e+00	0.000000000000000000e+00	0.000000000000000000e+00
nan	0.000000000000000000e+00	0.000000000000000000e+00	0.000000000000000000e+00	0.000000000000000000e+00	0.000000000000000000e+00	0.000000000000000000e+00
nan	0.000000000000000000e+00	0.000000000000000000e+00	0.000000000000000000e+00	0.000000000000000000e+00	0.000000000000000000e+00	0.000000000000000000e+00
nan	0.000000000000000000e+00	0.000000000000000000e+00	0.000000000000000000e+00	0.000000000000000000e+00	0.000000000000000000e+00	0.000000000000000000e+00
nan	0.000000000000000000e+00	0.000000000000000000e+00	0.000000000000000000e+00	0.000000000000000000e+00	0.000000000000000000e+00	0.000000000000000000e+00
nan	3.460000000000000000e+02	3.459999999999999742e-01	nan	5.220095601107210825e-02	3.947789270277166085e-01	2.039956662057429426e-02
nan	5.682500000000000000e+02	5.682499999999999218e-01	nan	5.862444541463318615e-02	4.345292813362421902e-01	1.990689504157083789e-02
nan	8.512500000000000000e+02	8.512500000000000622e-01	nan	6.115728094149375238e-02	4.179463801044427385e-01	2.210037252757945936e-02
nan	1.197250000000000000e+03	1.197249999999999925e+00	nan	6.357003962287777199e-02	4.147819624515905468e-01	2.081698923870511919e-02
nan	1.605250000000000000e+03	1.605250000000000066e+00	nan	6.537036203171453508e-02	4.376774542538510726e-01	2.133304111210643228e-02
nan	1.994750000000000000e+03	1.994749999999999801e+00	nan	6.797298780152871700e-02	4.178854485735378210e-01	2.147815519122708849e-02
nan	2.378250000000000000e+03	2.378249999999999975e+00	nan	7.040074819016695074e-02	4.271222950532429508e-01	2.148606542739406322e-02
nan	2.670750000000000000e+03	2.670749999999999957e+00	nan	7.252056305518905788e-02	4.464344357788223028e-01	2.119179371429202874e-02
nan	2.978000000000000000e+03	2.978000000000000647e+00	nan	7.513384698602365575e-02	4.234120308192809157e-01	2.079865816822801250e-02
nan	3.337250000000000000e+03	3.337250000000000050e+00	nan	7.706597942265247525e-02	4.616071059215743899e-01	2.053245160503691658e-02
nan	3.617000000000000000e+03	3.617000000000000437e+00	nan	7.808597756180546412e-02	4.259784909456357238e-01	1.992472548830437340e-02
nan	3.917250000000000000e+03	3.917249999999999677e+00	nan	7.869134763664575871e-02	4.226795055071674301e-01	1.946530185043493510e-02
nan	4.127000000000000000e+03	4.126999999999999780e+00	nan	8.277784748706551454e-02	4.137773752851973130e-01	1.979376763351736734e-02
nan	4.332250000000000000e+03	4.332250000000000156e+00	nan	8.523224856611122391e-02	4.537724779728567470e-01	1.926857972953510689e-02
nan	4.703750000000000000e+03	4.703750000000000320e+00	nan	8.505006295651895698e-02	4.315170133663395191e-01	1.867698655538041486e-02
nan	5.028500000000000000e+03	5.028500000000000192e+00	nan	8.720948774663028757e-02	4.412970089831302900e-01	1.952293384291614586e-02
nan	5.253000000000000000e+03	5.253000000000000114e+00	nan	9.044956416476068739e-02	4.454162889220616428e-01	1.878332788898962047e-02
nan	5.614250000000000000e+03	5.614250000000000185e+00	nan	9.344960871957397330e-02	4.482299035042703883e-01	1.887391751922862237e-02
nan	5.932750000000000000e+03	5.932750000000000412e+00	nan	9.477991210943059741e-02	4.480184047818425164e-01	1.751754588041798399e-02
nan	6.125750000000000000e+03	6.125750000000000028e+00	nan	9.721188337070785224e-02	4.539986783372856327e-01	1.771568448702853793e-02
nan	6.438500000000000000e+03	6.438500000000000334e+00	nan	9.568011755673921925e-02	4.368344341330799852e-01	1.871550472174166035e-02
nan	6.626750000000000000e+03	6.626749999999999474e+00	nan	1.001156335277251230e-01	4.212637997755434016e-01	1.712828919235070968e-02
nan	6.876000000000000000e+03	6.875999999999999446e+00	nan	1.006442594212764163e-01	4.534854962017584867e-01	1.746898598566376526e-02
nan	7.108250000000000000e+03	7.108250000000000846e+00	nan	1.048249954964859398e-01	4.340773039402726630e-01	1.761459460014097589e-02
nan	7.259500000000000000e+03	7.259500000000000064e+00	nan	1.070750986469626298e-01	4.530238813643224227e-01	1.726125240524410687e-02
nan	7.350000000000000000e+03	7.349999999999999645e+00	nan	1.071024055985354551e-01	4.304562518576940944e-01	1.630057966896981611e-02
nan	7.432750000000000000e+03	7.432750000000000412e+00	nan	1.104698759312725542e-01	4.296010389283484998e-01	1.695083317645987298e-02
nan	7.323750000000000000e+03	7.323750000000000426e+00	nan	1.033468784143860564e-01	4.728378270909265324e-01	1.614714843820172496e-02
nan	7.278000000000000000e+03	7.277999999999999581e+00	nan	1.135596849009843368e-01	4.243632168199949484e-01	1.652976175145431936e-02
nan	7.372000000000000000e+03	7.371999999999999886e+00	nan	1.157710981745054823e-01	4.662651021592336686e-01	1.560800593494982014e-02
nan	7.238500000000000000e+03	7.238499999999999268e+00	nan	1.187604907053234626e-01	4.589850668979902903e-01	1.627520072332755419e-02
nan	7.077000000000000000e+03	7.076999999999999957e+00	nan	1.190005365712600849e-01	4.100219485245253370e-01	1.649757212338542889e-02
nan	6.987000000000000000e+03	6.987000000000000988e+00	nan	1.221331468432538259e-01	4.375536334018268469e-01	1.573798818274685374e-02
nan	6.823500000000000000e+03	6.823499999999999233e+00	nan	1.233527802686040786e-01	4.344011293167339693e-01	1.584187202015741036e-02
nan	6.680500000000000000e+03	6.680499999999999439e+00	nan	1.272427818780528241e-01	4.491733930183086088e-01	1.580862085990553112e-02
nan	6.454500000000000000e+03	6.454499999999999460e+00	nan	1.282862905085977445e-01	4.419094954617096005e-01	1.570349693760630938e-02
nan	6.197750000000000000e+03	6.197749999999999204e+00	nan	1.307201437928924292e-01	4.504472222447751806e-01	1.447051972460455804e-02
nan	5.905500000000000000e+03	5.905499999999999972e+00	nan	1.284253208823429304e-01	4.134501511263919404e-01	1.607271361348694416e-02
nan	5.650000000000000000e+03	5.650000000000000355e+00	nan	1.340811010134501657e-01	4.538894810661977530e-01	1.553343381814176194e-02
nan	5.444750000000000000e+03	5.444749999999999979e+00	nan	1.317406225978459133e-01	4.152569120202997954e-01	1.629563088119800884e-02
nan	5.235500000000000000e+03	5.235500000000000043e+00	nan	1.389955930073796253e-01	4.358984607886541296e-01	1.490394991670140890e-02
nan	5.116750000000000000e+03	5.116750000000000576e+00	nan	1.362379678507110725e-01	4.232781999223071967e-01	1.483640960577026213e-02
nan	5.005250000000000000e+03	5.005250000000000199e+00	nan	1.399412879861969827e-01	4.239168160777720407e-01	1.480668925750849851e-02
nan	4.888750000000000000e+03	4.888749999999999929e+00	nan	1.427987992869645950e-01	4.525344381657767645e-01	1.510955258228108278e-02
nan	4.816000000000000000e+03	4.815999999999999837e+00	nan	1.459865672523221747e-01	4.393306478543517746e-01	1.549159858345117158e-02
nan	4.840250000000000000e+03	4.840249999999999275e+00	nan	1.444898498936808551e-01	4.625728729327507338e-01	1.525309435117216950e-02
nan	4.727750000000000000e+03	4.727750000000000341e+00	nan	1.489102708363603256e-01	4.391497280415757043e-01	1.609151221893467820e-02
nan	4.747000000000000000e+03	4.746999999999999886e+00	nan	1.515495306761991401e-01	4.536505019637633307e-01	1.483256050937353798e-02
nan	4.797750000000000000e+03	4.797750000000000625e+00	nan	1.511498606919232657e-01	4.459862805267266195e-01	1.551969632040250957e-02
nan	4.739750000000000000e+03	4.739750000000000796e+00	nan	1.532091713962486779e-01	4.420449282133843139e-01	1.509748272267485980e-02
nan	4.652000000000000000e+03	4.652000000000000135e+00	nan	1.588238465147497891e-01	4.459327791973354271e-01	1.384274268523300044e-02
nan	4.545000000000000000e+03	4.544999999999999929e+00	nan	1.610788959747750937e-01	4.245989800747124177e-01	1.450576720685803345e-02
nan	4.457750000000000000e+03	4.457750000000000767e+00	nan	1.604045632926514031e-01	4.680250728689621109e-01	1.471516403828121433e-02
nan	4.258000000000000000e+03	4.258000000000000007e+00	nan	1.646041655463932329e-01	4.486648582943760788e-01	1.589946192083480092e-02
nan	4.125000000000000000e+03	4.125000000000000000e+00	nan	1.597738168065419018e-01	4.303411094452947450e-01	1.501482187967151383e-02
nan	3.852250000000000000e+03	3.852250000000000174e+00	nan	1.580462429293092441e-01	4.371789482475422761e-01	1.554846534401366220e-02
nan	3.596500000000000000e+03	3.596499999999999808e+00	nan	1.692035236180018387e-01	4.354195858175088363e-01	1.461474159537079487e-02
nan	3.303750000000000000e+03	3.303749999999999964e+00	nan	1.691284599828506430e-01	4.142839957926612859e-01	1.593249462871471067e-02
nan	3.016000000000000000e+03	3.016000000000000014e+00	nan	1.694314076640992539e-01	4.417025100553697570e-01	1.544761065996635985e-02
nan	2.720250000000000000e+03	2.720250000000000057e+00	nan	1.728567236246405514e-01	4.370797290275016955e-01	1.528468128637139323e-02
nan	2.510000000000000000e+03	2.510000000000000231e+00	nan	1.742911926320260818e-01	4.151111910561948726e-01	1.590899510245646908e-02
nan	2.202250000000000000e+03	2.202249999999999819e+00	nan	1.780334625234090140e-01	4.249136856500319581e-01	1.369011654806584488e-02
nan	2.020500000000000000e+03	2.020500000000000185e+00	nan	1.713510648861245045e-01	4.229129118922259067e-01	1.467065507706744043e-02
nan	1.768000000000000000e+03	1.768000000000000016e+00	nan	1.753658380449678589e-01	4.543576906502925228e-01	1.477784254135316999e-02
nan	1.553500000000000000e+03	1.553499999999999881e+00	nan	1.813605227193377800e-01	4.244363478113495902e-01	1.360087718657831957e-02
nan	1.363250000000000000e+03	1.363250000000000073e+00	nan	1.825060115193721799e-01	4.524847841413977556e-01	1.482136460882088613e-02
nan	1.156250000000000000e+03	1.156250000000000000e+00	nan	1.730917853020415009e-01	4.779704592923904594e-01	1.451609907098960761e-02
nan	9.670000000000000000e+02	9.669999999999999707e-01	nan	1.861434772488337330e-01	4.012964060984348658e-01	1.436356367038760240e-02
nan	8.435000000000000000e+02	8.435000000000000275e-01	nan	1.700908670139966716e-01	4.380114195394624321e-01	1.325823607641485324e-02
nan	7.065000000000000000e+02	7.065000000000000169e-01	nan	1.906358130738325940e-01	4.127261911241864034e-01	1.417521359035101014e-02
nan	6.080000000000000000e+02	6.079999999999999849e-01	nan	1.257809178235689274e-01	3.683586157444186382e-01	1.527256294074197385e-02
nan	5.175000000000000000e+02	5.175000000000000711e-01	nan	1.864865904493484550e-01	4.257480351936270280e-01	1.284701657264220032e-02
nan	4.122500000000000000e+02	4.122499999999999498e-01	nan	1.864677652097697091e-01	3.769973870214065603e-01	1.260709901388867848e-02
nan	3.587500000000000000e+02	3.587500000000000133e-01	nan	1.949067264850015135e-01	3.518124933643390628e-01	1.515174610253033904e-02
nan	3.312500000000000000e+02	3.312500000000000444e-01	nan	1.610791640497382105e-01	3.353773049278295226e-01	1.566961506115260860e-02
nan	2.925000000000000000e+02	2.924999999999999822e-01	nan	1.709550658494291830e-01	4.236297471084491395e-01	1.243246971741873708e-02
nan	2.387500000000000000e+02	2.387499999999999900e-01	nan	1.693935337652519024e-01	3.457623367864366415e-01	1.491109902487641747e-02
nan	2.200000000000000000e+02	2.199999999999999734e-01	nan	1.924878779675438523e-01	3.462108440704492751e-01	1.583780103286924756e-02
nan	1.932500000000000000e+02	1.932499999999999774e-01	nan	1.810919192506972308e-01	3.452222647748732776e-01	1.137063738252175327e-02
nan	1.690000000000000000e+02	1.690000000000000113e-01	nan	1.449297707696857174e-01	3.635962036316764956e-01	1.606928524900119726e-02
nan	1.662500000000000000e+02	1.662500000000000089e-01	nan	1.865650392980597871e-01	4.058928124593437770e-01	1.233902530647457141e-02
nan	1.485000000000000000e+02	1.485000000000000209e-01	nan	1.374521973780034045e-01	4.212553976535833855e-01	1.483730719012799071e-02
nan	1.312500000000000000e+02	1.312500000000000056e-01	nan	1.811749832364681345e-01	3.436066533993655803e-01	1.528615917953413117e-02
nan	1.275000000000000000e+02	1.275000000000000022e-01	nan	1.857839913878320537e-01	4.227528763207187845e-01	1.466736357958220438e-02
nan	1.177500000000000000e+02	1.177499999999999936e-01	nan	1.853463954931413582e-01	4.165085755540426371e-01	1.384529520245525447e-02
nan	1.177500000000000000e+02	1.177500000000000074e-01	nan	2.084592504100371002e-01	5.117787416173031900e-01	9.935257636648486823e-03
nan	1.000000000000000000e+02	1.000000000000000056e-01	nan	1.725396934887391820e-01	3.864821936437392025e-01	1.621501715385877812e-02
nan	1.007500000000000000e+02	1.007500000000000062e-01	nan	1.810571534173353037e-01	3.827791970532834487e-01	1.822367762738826003e-02
nan	9.650000000000000000e+01	9.650000000000000244e-02	nan	1.403498714405806425e-01	3.928379402653560115e-01	1.675631287182975312e-02
nan	9.275000000000000000e+01	9.275000000000001299e-02	nan	1.610723581940848304e-01	5.070447804334374808e-01	1.633238695698633822e-02
nan	8.450000000000000000e+01	8.449999999999999178e-02	nan	1.649441066794607169e-01	4.911837959159047196e-01	1.754396041238590401e-02
nan	8.175000000000000000e+01	8.175000000000000322e-02	nan	1.698641580767058512e-01	5.061648393319613248e-01	1.704808453949012773e-02
nan	8.225000000000000000e+01	8.224999999999998979e-02	nan	1.704784587894970505e-01	5.009679120474466174e-01	1.807304286144435085e-02
nan	7.325000000000000000e+01	7.324999999999999567e-02	nan	1.683674583962141980e-01	5.075846577755201983e-01	1.765204241126505993e-02
nan	8.250000000000000000e+01	8.249999999999999001e-02	nan	1.629561464770615253e-01	4.807229814072130347e-01	1.601834924780295294e-02
nan	0.000000000000000000e+00	0.000000000000000000e+00	0.000000000000000000e+00	0.000000000000000000e+00	0.000000000000000000e+00	0.000000000000000000e+00
nan	0.000000000000000000e+00	0.000000000000000000e+00	0.000000000000000000e+00	0.000000000000000000e+00	0.000000000000000000e+00	0.000000000000000000e+00
nan	0.000000000000000000e+00	0.000000000000000000e+00	0.000000000000000000e+00	0.000000000000000000e+00	0.000000000000000000e+00	0.000000000000000000e+00
nan	0.000000000000000000e+00	0.000000000000000000e+00	0.000000000000000000e+00	0.000000000000000000e+00	0.000000000000000000e+00	0.000000000000000000e+00
nan	0.000000000000000000e+00	0.000000000000000000e+00	0.000000000000000000e+00	0.000000000000000000e+00	0.000000000000000000e+00	0.000000000000000000e+00
nan	0.000000000000000000e+00	0.000000000000000000e+00	0.000000000000000000e+00	0.000000000000000000e+00	0.000000000000000000e+00	0.000000000000000000e+00
nan	0.000000000000000000e+00	0.000000000000000000e+00	0.000000000000000000e+00	0.000000000000000000e+00	0.000000000000000000e+00	0.000000000000000000e+00
nan	0.000000000000000000e+00	0.000000000000000000e+00	0.000000000000000000e+00	0.000000000000000000e+00	0.000000000000000000e+00	0.000000000000000000e+00
nan	0.000000000000000000e+00	0.000000000000000000e+00	0.000000000000000000e+00	0.000000000000000000e+00	0.000000000000000000e+00	0.000000000000000000e+00
nan	0.000000000000000000e+00	0.000000000000000000e+00	0.000000000000000000e+00	0.000000000000000000e+00	0.000000000000000000e+00	0.000000000000000000e+00
nan	4.775000000000000000e+02	4.774999999999999800e-01	nan	4.908024910277219988e-02	4.362789708549513756e-01	2.417780590079265934e-02
nan	7.527500000000000000e+02	7.527500000000000302e-01	nan	5.946763154081047276e-02	4.539853963282576288e-01	2.503700171828260324e-02
nan	1.145500000000000000e+03	1.145500000000000185e+00	nan	6.273533523189378514e-02	4.203888842023900674e-01	2.170870068013108778e-02
nan	1.610250000000000000e+03	1.610249999999999959e+00	nan	6.393398809457551124e-02	4.194222676018768414e-01	2.215257887888988364e-02
nan	2.121750000000000000e+03	2.121750000000000025e+00	nan	6.724055412379570384e-02	4.557367365927326164e-01	2.328833936066310173e-02
nan	2.671000000000000000e+03	2.671000000000000263e+00	nan	6.899943081130999190e-02	4.377276130010268052e-01	2.229149001137997743e-02
nan	3.219000000000000000e+03	3.218999999999999861e+00	nan	6.994004135314213499e-02	4.059888093593390646e-01	2.159507245112024520e-02
nan	3.605500000000000000e+03	3.605500000000000593e+00	nan	7.218034325348554603e-02	4.324524830153319011e-01	2.092717932000498493e-02
nan	4.051500000000000000e+03	4.051499999999999879e+00	nan	7.514108434466493236e-02	4.655861333194954432e-01	2.026024259350012180e-02
nan	4.477500000000000000e+03	4.477500000000000924e+00	nan	7.741995010154312240e-02	4.536062820073455959e-01	2.067180797932555159e-02
nan	4.949000000000000000e+03	4.948999999999999844e+00	nan	7.820473666776805999e-02	4.289082747858485867e-01	2.048520800550890364e-02
nan	5.308500000000000000e+03	5.308500000000000441e+00	nan	8.051883259402714543e-02	4.424236493515258939e-01	2.130699755406340046e-02
nan	5.606500000000000000e+03	5.606500000000000483e+00	nan	8.314655829315498181e-02	4.227456735595146453e-01	2.030814499860489342e-02
nan	5.986000000000000000e+03	5.986000000000000654e+00	nan	8.476206814469477990e-02	4.362201223814580753e-01	2.021643679418860806e-02
nan	6.384000000000000000e+03	6.384000000000000341e+00	nan	8.656274664736685054e-02	4.656389030848150923e-01	2.069893770876451988e-02
nan	6.919000000000000000e+03	6.919000000000000483e+00	nan	8.862345902522150709e-02	4.370182988273082492e-01	2.014822272057248398e-02
nan	7.249000000000000000e+03	7.249000000000000554e+00	nan	9.164918701227620090e-02	4.544185258410134987e-01	2.003111078027608460e-02
nan	7.679750000000000000e+03	7.679750000000000298e+00	nan	9.297864683694712085e-02	4.801078020752055919e-01	2.119712527904427102e-02
nan	8.097250000000000000e+03	8.097249999999998948e+00	nan	9.548608370151256963e-02	4.609700576891389567e-01	2.116420552325082305e-02
nan	8.434500000000000000e+03	8.434499999999999886e+00	nan	9.758251759967606631e-02	4.395132485226993513e-01	2.042017905591109184e-02
nan	8.766000000000000000e+03	8.766000000000000014e+00	nan	9.890768217485046421e-02	4.483764476948414734e-01	1.994434203087191992e-02
nan	9.057750000000000000e+03	9.057749999999998636e+00	nan	1.011592968026633343e-01	4.433958944493874288e-01	1.940082513538660125e-02
nan	9.330750000000000000e+03	9.330750000000000099e+00	nan	1.034840287361866729e-01	4.632469743140512075e-01	2.013659566140085788e-02
nan	9.607250000000000000e+03	9.607250000000000512e+00	nan	1.051889974593791521e-01	4.091417808054465532e-01	1.915022040083232124e-02
nan	9.817250000000000000e+03	9.817249999999999588e+00	nan	1.076944300876085947e-01	4.432604287005338928e-01	1.963065876287944933e-02
nan	9.979000000000000000e+03	9.978999999999999204e+00	nan	1.095231063457120513e-01	4.481522636709349694e-01	1.924255148189317130e-02
nan	1.002650000000000000e+04	1.002650000000000041e+01	nan	1.119428513224107746e-01	4.330475405065684624e-01	1.984190414392163204e-02
nan	1.015475000000000000e+04	1.015474999999999994e+01	nan	1.131842483837530722e-01	4.483693045240090269e-01	1.902787029105082461e-02
nan	9.957750000000000000e+03	9.957750000000000767e+00	nan	1.154440540712116103e-01	4.353113887027880158e-01	1.954677719451569651e-02
nan	9.926750000000000000e+03	9.926750000000000185e+00	nan	1.174839949010433315e-01	4.257064357297970503e-01	1.944786590428393414e-02
nan	9.856250000000000000e+03	9.856250000000001066e+00	nan	1.151607774337293222e-01	4.364533341765826635e-01	1.929114943874205013e-02
nan	9.572500000000000000e+03	9.572500000000001563e+00	nan	1.203693604023250430e-01	4.450720744204977875e-01	1.895958057160385124e-02
nan	9.382250000000000000e+03	9.382250000000000867e+00	nan	1.235261681262223021e-01	4.499142464072181102e-01	1.944256486179074539e-02
nan	9.088250000000000000e+03	9.088250000000000384e+00	nan	1.250456621817299663e-01	4.312427487550752891e-01	1.929670428831575801e-02
nan	8.974750000000000000e+03	8.974750000000000227e+00	nan	1.262569091330227877e-01	4.617023485840383024e-01	2.022334752402699110e-02
nan	8.640000000000000000e+03	8.640000000000000568e+00	nan	1.293609720208266367e-01	4.559760601973969485e-01	1.897557875973387986e-02
nan	8.311750000000000000e+03	8.311749999999999972e+00	nan	1.296625068391179525e-01	4.448202741688389583e-01	1.920558638584590749e-02
nan	7.918000000000000000e+03	7.917999999999999261e+00	nan	1.222376795682404288e-01	4.404849459184901339e-01	1.934308309108434543e-02
nan	7.611500000000000000e+03	7.611499999999999488e+00	nan	1.348349333137761619e-01	4.555164932817653001e-01	1.953239054977806699e-02
nan	7.276000000000000000e+03	7.275999999999999801e+00	nan	1.357249376402833718e-01	4.457914762743380166e-01	1.942852675041684130e-02
nan	7.123750000000000000e+03	7.123749999999999361e+00	nan	1.386848734780201653e-01	4.586023887255523124e-01	1.896336964723754903e-02
nan	6.964250000000000000e+03	6.964249999999999829e+00	nan	1.390971888434435755e-01	4.406677246663338043e-01	1.929225564190661935e-02
nan	6.727750000000000000e+03	6.727750000000000341e+00	nan	1.415258251636259956e-01	4.577967239011961897e-01	2.041997756511504392e-02
nan	6.576000000000000000e+03	6.575999999999999623e+00	nan	1.449619916096906991e-01	4.424882629128788492e-01	2.017527526306461816e-02
nan	6.494500000000000000e+03	6.494500000000000384e+00	nan	1.475593697626464973e-01	4.605078320467188568e-01	2.019239453202636980e-02
nan	6.447500000000000000e+03	6.447499999999999787e+00	nan	1.478391282878632751e-01	4.350588432149166684e-01	1.905049662945179634e-02
nan	6.483250000000000000e+03	6.483249999999999957e+00	nan	1.504075671770053191e-01	4.676366308645879544e-01	1.893417337779701448e-02
nan	6.566750000000000000e+03	6.566749999999999865e+00	nan	1.516232568382491763e-01	4.636016119913846101e-01	1.984949964516569132e-02
nan	6.440750000000000000e+03	6.440750000000000419e+00	nan	1.549658412849268529e-01	4.706988743795423868e-01	1.998805358786071018e-02
nan	6.421000000000000000e+03	6.421000000000000263e+00	nan	1.570533968202809660e-01	4.522818556619899732e-01	1.925525762236812710e-02
nan	6.291750000000000000e+03	6.291750000000001286e+00	nan	1.593369432590918677e-01	4.358848470831681032e-01	2.062818399400168090e-02
nan	6.142250000000000000e+03	6.142250000000000654e+00	nan	1.606819172370137494e-01	4.388168954156405621e-01	1.968958348778682144e-02
nan	5.952000000000000000e+03	5.951999999999999069e+00	nan	1.587222708181030839e-01	4.757584831855595220e-01	1.936377252828114237e-02
nan	5.709500000000000000e+03	5.709500000000000242e+00	nan	1.644761112102841594e-01	4.250309303588567511e-01	1.986635931935221144e-02
nan	5.474000000000000000e+03	5.474000000000000199e+00	nan	1.657635277703590759e-01	4.501955033473010737e-01	1.993829865498608633e-02
nan	5.156750000000000000e+03	5.156749999999999723e+00	nan	1.674126031614449062e-01	4.207956367093684813e-01	1.868293256521735834e-02
nan	4.722750000000000000e+03	4.722750000000000448e+00	nan	1.632817281894034522e-01	4.379026545877421905e-01	2.000837083699913421e-02
nan	4.332250000000000000e+03	4.332249999999999268e+00	nan	1.734395706074494115e-01	4.465017101177866099e-01	2.016409913409766830e-02
nan	4.023000000000000000e+03	4.022999999999999687e+00	nan	1.734032670293217393e-01	4.496759855882895840e-01	2.028839803590032353e-02
nan	3.631250000000000000e+03	3.631250000000000089e+00	nan	1.759380153654532819e-01	4.621378281457668158e-01	1.972600352531417300e-02
nan	3.296500000000000000e+03	3.296499999999999986e+00	nan	1.744314630365835228e-01	4.364040371790363082e-01	2.072335033738426091e-02
nan	2.940000000000000000e+03	2.940000000000000391e+00	nan	1.759482761988522270e-01	4.541236917219340086e-01	2.005528267363354544e-02
nan	2.631750000000000000e+03	2.631750000000000256e+00	nan	1.812584294946475438e-01	4.472052831815006013e-01	2.045522985391334814e-02
nan	2.314500000000000000e+03	2.314499999999999780e+00	nan	1.676071989683265429e-01	4.693190538250124333e-01	2.005866649406584656e-02
nan	2.023750000000000000e+03	2.023750000000000160e+00	nan	1.861762742058346021e-01	4.177922730490807313e-01	1.935290020184510240e-02
nan	1.741500000000000000e+03	1.741499999999999826e+00	nan	1.797986786375744828e-01	4.490808889405565885e-01	2.074062359173289849e-02
nan	1.503000000000000000e+03	1.502999999999999892e+00	nan	1.823777851897787627e-01	4.355554573024622567e-01	1.981983195806469311e-02
nan	1.271500000000000000e+03	1.271500000000000075e+00	nan	1.852225331644348216e-01	4.263400721754858069e-01	1.885248191090305170e-02
nan	1.071750000000000000e+03	1.071749999999999980e+00	nan	1.919250470781648232e-01	4.182580237977415183e-01	1.985330244910832320e-02
nan	9.330000000000000000e+02	9.329999999999999405e-01	nan	1.913884475244174155e-01	4.239188430480189673e-01	1.871495359023089833e-02
nan	7.820000000000000000e+02	7.820000000000000284e-01	nan	1.868024639491494554e-01	3.754407302502811850e-01	1.947430262926852507e-02
nan	6.607500000000000000e+02	6.607499999999999485e-01	nan	1.738009312047097410e-01	3.677352689370269045e-01	1.928496996669526453e-02
nan	5.425000000000000000e+02	5.424999999999999822e-01	nan	1.841744407056822297e-01	4.415283645156810599e-01	1.704524288459463577e-02
nan	4.720000000000000000e+02	4.720000000000000306e-01	nan	1.684227695269200353e-01	4.538470634168619844e-01	2.131931302653411464e-02
nan	4.105000000000000000e+02	4.104999999999999760e-01	nan	1.626592156007404810e-01	3.470160784849716240e-01	1.659063396439952598e-02
nan	3.690000000000000000e+02	3.689999999999999947e-01	nan	1.801962797366201130e-01	4.048423482214839608e-01	2.100027958556971441e-02
nan	3.135000000000000000e+02	3.135000000000000009e-01	nan	1.766673247002685798e-01	3.852639879691671099e-01	1.815803391208659079e-02
nan	2.932500000000000000e+02	2.932500000000000107e-01	nan	1.805503514433723922e-01	4.177039326769877992e-01	1.926193116062169253e-02
nan	2.492500000000000000e+02	2.492499999999999993e-01	nan	1.656391924237610169e-01	3.144556867072184070e-01	1.563807265230066079e-02
nan	2.530000000000000000e+02	2.530000000000000027e-01	nan	1.972441795839472434e-01	4.080323811458413941e-01	1.669533145324253454e-02
nan	2.212500000000000000e+02	2.212500000000000022e-01	nan	1.929120573893499113e-01	4.538020632911377028e-01	1.942500988616124857e-02
nan	1.967500000000000000e+02	1.967500000000000360e-01	nan	1.816889935812824319e-01	4.014380002753239474e-01	1.587201611516464439e-02
nan	1.877500000000000000e+02	1.877500000000000002e-01	nan	1.893201439342817594e-01	3.383102255907964873e-01	1.881120926172741292e-02
nan	1.675000000000000000e+02	1.674999999999999822e-01	nan	2.015287529284677248e-01	3.427612146956285910e-01	1.539298499070529402e-02
nan	1.532500000000000000e+02	1.532499999999999973e-01	nan	1.952431152246353052e-01	4.237002955652760527e-01	1.191210481873383742e-02
nan	1.430000000000000000e+02	1.430000000000000160e-01	nan	1.758150877905464426e-01	3.143335388169948841e-01	1.804241247969207151e-02
nan	1.432500000000000000e+02	1.432499999999999885e-01	nan	1.741083063156949606e-01	4.094306605090387574e-01	1.631082170907793838e-02
nan	1.417500000000000000e+02	1.417500000000000149e-01	nan	1.966433303207679728e-01	3.149129391667316868e-01	2.228911303972669344e-02
nan	1.285000000000000000e+02	1.285000000000000031e-01	nan	1.016274911161387517e-01	3.534427847238659770e-01	1.854743237832767733e-02
nan	1.227500000000000000e+02	1.227499999999999980e-01	nan	1.926537676656181475e-01	3.857053456066737995e-01	1.701317129637969217e-02
nan	1.142500000000000000e+02	1.142500000000000043e-01	nan	1.775079622103552524e-01	3.251279718889770187e-01	2.446240310602576518e-02
nan	1.110000000000000000e+02	1.109999999999999876e-01	nan	1.919662443929937012e-01	3.657611536817272913e-01	2.209541664075942435e-02
nan	1.150000000000000000e+02	1.149999999999999911e-01	nan	1.653322021927934315e-01	4.733483160697184999e-01	1.564890764965642944e-02
nan	1.100000000000000000e+02	1.100000000000000006e-01	nan	1.730755145181437638e-01	4.134839986233310172e-01	1.359081315666266221e-02
nan	7.250000000000000000e+01	7.249999999999999500e-02	nan	1.389335048097738445e-01	3.086268653755055991e-01	1.437165414966591268e-02
